0 1.7116841044013255e-06 1.5583662505022959e+24
1 7.3767453844640977e-07 1.2261883199019040e+24
2 6.1217501006077390e-07 1.2303896763669920e+23
3 2.9041545848221042e-07 3.2540269509946173e+24
4 2.1662038101259694e-07 2.4176555578499767e+23
5 1.5786257876079556e-07 2.5090200004689389e+23
6 1.2378877091586471e-07 3.9946826792892812e+23
7 1.0941290807808053e-07 5.4037145891046847e+23
8 9.6898958211798212e-08 3.1519744233653024e+22
9 9.0626174224084462e-08 3.4500386846127907e+23
10 7.3371104733419501e-08 1.8051665882293354e+22
11 7.0260736481574208e-08 2.0521361834790722e+23
12 6.7937294751194507e-08 4.2036677896551420e+21
13 5.5732561654867803e-08 1.7224944764060910e+24
14 5.0612565359680916e-08 8.4716895108502410e+21
15 4.9005422128212012e-08 5.6217938731813025e+22
16 4.5868248856475608e-08 2.8395034524749758e+24
17 3.9513316949350464e-08 4.9891782131395529e+24
18 3.6962634338261020e-08 6.2651907598908815e+22
19 3.4677135066588357e-08 1.8317556543087307e+23
20 3.2942007370338975e-08 3.1280542387156576e+23
21 2.9880899932132765e-08 1.6939074358115071e+24
22 2.7672062580747330e-08 9.4973898937742159e+23
23 2.6847274241237475e-08 1.6880869628779746e+24
24 2.5006911768272593e-08 1.5587852702462827e+24
25 2.4169705937652230e-08 3.0474624851681190e+19
26 2.1744912840297400e-08 1.1105983190613488e+25
27 2.0787955886317875e-08 3.3171478071161316e+23
28 1.9864251350131080e-08 6.4074787002532092e+23
29 1.8686649166955697e-08 4.6526463785983734e+24
30 1.7845776581830559e-08 1.0881047103478815e+24
31 1.6738210532751399e-08 2.1916521472066342e+24
32 1.5681310213325330e-08 1.3661372082099111e+23
33 1.5435408212917186e-08 1.1076070980931018e+23
34 1.4716098536577082e-08 2.3600134272723544e+23
35 1.4146977565569509e-08 1.1895043380524852e+24
36 1.3959555877043058e-08 7.0303012709314419e+23
37 1.3201111849897552e-08 1.3245214798476070e+24
38 1.2755705744763698e-08 1.9323166290556760e+24
39 1.2396822554449438e-08 4.3653473575343901e+24
