0 1.7116841044013255e-06 1.0067343698899060e+24
1 7.3767453844640977e-07 7.5130191510174305e+23
2 6.1217501006077390e-07 9.3436543453172041e+22
3 2.9041545848221042e-07 1.6256794203476958e+24
4 2.1662038101259694e-07 1.7865927572299119e+23
5 1.5786257876079556e-07 9.1464835177802996e+22
6 1.2378877091586471e-07 2.6934986200236754e+23
7 1.0941290807808053e-07 2.6829328126639520e+23
8 9.6898958211798212e-08 1.2641789385592923e+23
9 9.0626174224084462e-08 1.8442752273562056e+23
10 7.3371104733419501e-08 2.4496727933962992e+21
11 7.0260736481574208e-08 2.1023236665530914e+23
12 6.7937294751194507e-08 6.8316429127000072e+21
13 5.5732561654867803e-08 1.0835539271988576e+24
14 5.0612565359680916e-08 1.7066169442679023e+22
15 4.9005422128212012e-08 3.6635098382558562e+22
16 4.5868248856475608e-08 2.0537337888103137e+24
17 3.9513316949350464e-08 3.0035471151487436e+24
18 3.6962634338261020e-08 1.0363655094943938e+21
19 3.4677135066588357e-08 1.0659866276037631e+23
20 3.2942007370338975e-08 1.6868346109029105e+23
21 2.9880899932132765e-08 1.0609441042506339e+24
22 2.7672062580747330e-08 6.0159052447680377e+23
23 2.6847274241237475e-08 9.4026137547228717e+23
24 2.5006911768272593e-08 1.0794234427119719e+24
25 2.4169705937652230e-08 1.3179232970153730e+22
26 2.1744912840297400e-08 6.7061135191781545e+24
27 2.0787955886317875e-08 2.6246787192039192e+23
28 1.9864251350131080e-08 3.2226149898891178e+23
29 1.8686649166955697e-08 3.0841743475227821e+24
30 1.7845776581830559e-08 5.5160312384283361e+23
31 1.6738210532751399e-08 1.3636246029160736e+24
32 1.5681310213325330e-08 1.9604756656074500e+22
33 1.5435408212917186e-08 4.8339751248836317e+22
34 1.4716098536577082e-08 1.6128229402966113e+23
35 1.4146977565569509e-08 7.2591943511194080e+23
36 1.3959555877043058e-08 2.6799887198145053e+23
37 1.3201111849897552e-08 7.2444621954476770e+23
38 1.2755705744763698e-08 1.3638867565808318e+24
39 1.2396822554449438e-08 2.4829422067720045e+24
