0 1.7116841044013255e-06 4.8395043213832996e+23
1 7.3767453844640977e-07 3.7373697759390848e+23
2 6.1217501006077390e-07 4.7340704135860208e+22
3 2.9041545848221042e-07 4.9082625428481673e+23
4 2.1662038101259694e-07 1.4347877351765801e+23
5 1.5786257876079556e-07 8.8578761400444896e+21
6 1.2378877091586471e-07 1.2368842992914495e+23
7 1.0941290807808053e-07 8.9959194786647224e+22
8 9.6898958211798212e-08 2.0474099639755535e+23
9 9.0626174224084462e-08 7.2768138391170648e+22
10 7.3371104733419501e-08 1.9641131104424801e+18
11 7.0260736481574208e-08 1.5110697467511636e+23
12 6.7937294751194507e-08 9.3845429651944369e+21
13 5.5732561654867803e-08 5.2254105883302197e+23
14 5.0612565359680916e-08 1.7927235855171629e+22
15 4.9005422128212012e-08 3.4344085563457917e+22
16 4.5868248856475608e-08 1.2254648323328883e+24
17 3.9513316949350464e-08 1.2447200317484711e+24
18 3.6962634338261020e-08 6.8388724394261289e+22
19 3.4677135066588357e-08 3.0250385291566872e+22
20 3.2942007370338975e-08 3.5781424299007927e+22
21 2.9880899932132765e-08 4.1837218150115324e+23
22 2.7672062580747330e-08 2.7776740930840370e+23
23 2.6847274241237475e-08 3.3473972341042045e+23
24 2.5006911768272593e-08 7.1470411528907233e+23
25 2.4169705937652230e-08 3.5539636634621695e+22
26 2.1744912840297400e-08 2.9608603126111384e+24
27 2.0787955886317875e-08 1.6361223033175020e+23
28 1.9864251350131080e-08 8.7328236666930046e+22
29 1.8686649166955697e-08 1.4596768838467793e+24
30 1.7845776581830559e-08 1.9677798023972785e+23
31 1.6738210532751399e-08 5.6987233715821090e+23
32 1.5681310213325330e-08 2.9421068943123006e+21
33 1.5435408212917186e-08 1.9715954756413095e+22
34 1.4716098536577082e-08 8.8070152342329593e+22
35 1.4146977565569509e-08 3.0968070325870786e+23
36 1.3959555877043058e-08 2.4379372351928442e+22
37 1.3201111849897552e-08 2.5244709073739940e+23
38 1.2755705744763698e-08 7.7818693494741078e+23
39 1.2396822554449438e-08 1.0475678386962065e+24
