0 1.7116841044013255e-06 8.3683924958733769e+20
1 7.3767453844640977e-07 4.7680587150764900e+20
2 6.1217501006077390e-07 9.0864886117992088e+19
3 2.9041545848221042e-07 3.3137429259506807e+19
4 2.1662038101259694e-07 7.5117501756481903e+20
5 1.5786257876079556e-07 5.2780083271113618e+20
6 1.2378877091586471e-07 2.9722779823817248e+20
7 1.0941290807808053e-07 1.9490585045450922e+17
8 9.6898958211798212e-08 2.4887716883527998e+21
9 9.0626174224084462e-08 7.2244680559452344e+20
10 7.3371104733419501e-08 8.2651167584185008e+19
11 7.0260736481574208e-08 4.0221721576177754e+19
12 6.7937294751194507e-08 1.3405482474518438e+20
13 5.5732561654867803e-08 2.9893753933971676e+18
14 5.0612565359680916e-08 1.0865790974392271e+20
15 4.9005422128212012e-08 1.5222361998283453e+21
16 4.5868248856475608e-08 4.6718067312634511e+21
17 3.9513316949350464e-08 1.4265744557646550e+21
18 3.6962634338261020e-08 5.7227521511079884e+20
19 3.4677135066588357e-08 1.0992947802941057e+19
20 3.2942007370338975e-08 2.4464486777544878e+20
21 2.9880899932132765e-08 1.7292518387739004e+20
22 2.7672062580747330e-08 3.1149826143921655e+20
23 2.6847274241237475e-08 2.4502291509566397e+20
24 2.5006911768272593e-08 8.2882105412821582e+20
25 2.4169705937652230e-08 5.0341168171520465e+20
26 2.1744912840297400e-08 2.2040917198215523e+21
27 2.0787955886317875e-08 1.7333511452621580e+20
28 1.9864251350131080e-08 1.4202749060328144e+21
29 1.8686649166955697e-08 1.3428324899166809e+21
30 1.7845776581830559e-08 1.3030708298991280e+20
31 1.6738210532751399e-08 3.4828408852758213e+20
32 1.5681310213325330e-08 2.2665731369123165e+20
33 1.5435408212917186e-08 6.7718774836380271e+19
34 1.4716098536577082e-08 4.3899667291210429e+18
35 1.4146977565569509e-08 5.7942273665089423e+18
36 1.3959555877043058e-08 9.3581900758628670e+20
37 1.3201111849897552e-08 4.7960874466493661e+20
38 1.2755705744763698e-08 2.6844117691304876e+21
39 1.2396822554449438e-08 4.0170140403523702e+20
