0 1.7116841044013255e-06 6.1917559339034189e+23
1 7.3767453844640977e-07 4.6586198414122089e+23
2 6.1217501006077390e-07 5.9656177731236153e+22
3 2.9041545848221042e-07 7.3372063744551006e+23
4 2.1662038101259694e-07 1.5357003177772096e+23
5 1.5786257876079556e-07 2.1380577761035112e+22
6 1.2378877091586471e-07 1.5575654185691681e+23
7 1.0941290807808053e-07 1.2453061431987083e+23
8 9.6898958211798212e-08 1.9330199111023048e+23
9 9.0626174224084462e-08 9.7154975620874721e+22
10 7.3371104733419501e-08 1.8770816296686346e+19
11 7.0260736481574208e-08 1.7566447634111597e+23
12 6.7937294751194507e-08 8.7062202805803675e+21
13 5.5732561654867803e-08 6.6747081409615728e+23
14 5.0612565359680916e-08 1.8563442440062099e+22
15 4.9005422128212012e-08 3.5032005018128067e+22
16 4.5868248856475608e-08 1.4308222375492733e+24
17 3.9513316949350464e-08 1.6614864793091226e+24
18 3.6962634338261020e-08 4.4744941629146594e+22
19 3.4677135066588357e-08 4.9343773947156513e+22
20 3.2942007370338975e-08 6.5731515165973173e+22
21 2.9880899932132765e-08 5.6717768182427193e+23
22 2.7672062580747330e-08 3.5847707031101926e+23
23 2.6847274241237475e-08 4.7675762330985130e+23
24 2.5006911768272593e-08 8.1574926641609876e+23
25 2.4169705937652230e-08 3.0334292510892846e+22
26 2.1744912840297400e-08 3.8879171958674739e+24
27 2.0787955886317875e-08 1.9043653950370848e+23
28 1.9864251350131080e-08 1.3933274658017599e+23
29 1.8686649166955697e-08 1.8975734033045119e+24
30 1.7845776581830559e-08 2.8607686174587459e+23
31 1.6738210532751399e-08 7.5057588464876381e+23
32 1.5681310213325330e-08 6.4199934459115725e+18
33 1.5435408212917186e-08 2.4151622953322890e+22
34 1.4716098536577082e-08 1.0799804667860852e+23
35 1.4146977565569509e-08 4.1621102878223023e+23
36 1.3959555877043058e-08 6.1560141509332031e+22
37 1.3201111849897552e-08 3.6420139880153710e+23
38 1.2755705744763698e-08 9.3790196609770904e+23
39 1.2396822554449438e-08 1.3920899610262862e+24
