0 1.7116841044013255e-06 1.8208214625095600e+23
1 7.3767453844640977e-07 1.7232753313659624e+23
2 6.1217501006077390e-07 1.9555244022163766e+22
3 2.9041545848221042e-07 1.0169854699555411e+23
4 2.1662038101259694e-07 1.1799538777413439e+23
5 1.5786257876079556e-07 1.0748466303492496e+20
6 1.2378877091586471e-07 5.2750371668575889e+22
7 1.0941290807808053e-07 2.0922393283473040e+22
8 9.6898958211798212e-08 2.2138741590820130e+23
9 9.0626174224084462e-08 3.3968851046684393e+22
10 7.3371104733419501e-08 2.2047515419817589e+21
11 7.0260736481574208e-08 8.5738570187878523e+22
12 6.7937294751194507e-08 4.1830963750790937e+21
13 5.5732561654867803e-08 1.6778785244031925e+23
14 5.0612565359680916e-08 1.2387904390793246e+22
15 4.9005422128212012e-08 4.4637517969601925e+22
16 4.5868248856475608e-08 6.8859734764885367e+23
17 3.9513316949350464e-08 4.0814265286451152e+23
18 3.6962634338261020e-08 9.2852835715740886e+22
19 3.4677135066588357e-08 4.5158211150134175e+20
20 3.2942007370338975e-08 3.0294988926151562e+21
21 2.9880899932132765e-08 1.0338221173065339e+23
22 2.7672062580747330e-08 9.2089808820900240e+22
23 2.6847274241237475e-08 7.8492624121669683e+22
24 2.5006911768272593e-08 4.4803382360398592e+23
25 2.4169705937652230e-08 4.0819265541211138e+22
26 2.1744912840297400e-08 1.0217168298376494e+24
27 2.0787955886317875e-08 5.2498266888843402e+22
28 1.9864251350131080e-08 2.1706537791073993e+20
29 1.8686649166955697e-08 5.0791728167774970e+23
30 1.7845776581830559e-08 4.4874827880378678e+22
31 1.6738210532751399e-08 2.2098990956615548e+23
32 1.5681310213325330e-08 1.4818236123885448e+22
33 1.5435408212917186e-08 3.2576132604841689e+21
34 1.4716098536577082e-08 2.8707982961703016e+22
35 1.4146977565569509e-08 8.9418028700201663e+22
36 1.3959555877043058e-08 2.7417677467236051e+21
37 1.3201111849897552e-08 8.4538214215195803e+22
38 1.2755705744763698e-08 3.7266669108617821e+23
39 1.2396822554449438e-08 3.7309713635867994e+23
