0 1.7116841044013255e-06 2.1792872789013090e+24
1 7.3767453844640977e-07 1.7811088997611567e+24
2 6.1217501006077390e-07 1.5381105848720323e+23
3 2.9041545848221042e-07 5.4868266166745585e+24
4 2.1662038101259694e-07 2.8901709467339559e+23
5 1.5786257876079556e-07 5.1271701007300540e+23
6 1.2378877091586471e-07 5.5479156366650180e+23
7 1.0941290807808053e-07 9.3261359910905087e+23
8 9.6898958211798212e-08 3.6180389974155922e+21
9 9.0626174224084462e-08 5.6121085073083124e+23
10 7.3371104733419501e-08 6.2608484979738185e+22
11 7.0260736481574208e-08 1.4674897162761461e+23
12 6.7937294751194507e-08 1.4365131386772015e+21
13 5.5732561654867803e-08 2.3393782882152604e+24
14 5.0612565359680916e-08 7.7639167946708759e+20
15 4.9005422128212012e-08 8.1530553945490972e+22
16 4.5868248856475608e-08 3.6750450938561795e+24
17 3.9513316949350464e-08 7.1788410335854745e+24
18 3.6962634338261020e-08 3.3684674349581575e+23
19 3.4677135066588357e-08 2.6531098949018117e+23
20 3.2942007370338975e-08 5.2882290155697398e+23
21 2.9880899932132765e-08 2.4385053486763597e+24
22 2.7672062580747330e-08 1.3611972552746986e+24
23 2.6847274241237475e-08 2.5842689606780169e+24
24 2.5006911768272593e-08 2.0337936705508562e+24
25 2.4169705937652230e-08 2.8504104391863131e+22
26 2.1744912840297400e-08 1.6514500420222525e+25
27 2.0787955886317875e-08 3.7807806098249385e+23
28 1.9864251350131080e-08 1.0063261227885234e+24
29 1.8686649166955697e-08 6.1703428768496301e+24
30 1.7845776581830559e-08 1.7209722541255698e+24
31 1.6738210532751399e-08 3.1842035294344617e+24
32 1.5681310213325330e-08 3.7905150939569248e+23
33 1.5435408212917186e-08 1.9978276090603320e+23
34 1.4716098536577082e-08 3.0569455195808492e+23
35 1.4146977565569509e-08 1.7775138807557191e+24
36 1.3959555877043058e-08 1.3337132942346098e+24
37 1.3201111849897552e-08 2.1311319408090121e+24
38 1.2755705744763698e-08 2.5400486282299796e+24
39 1.2396822554449438e-08 6.6731606124433649e+24
