0 1.7116841044013255e-06 8.8444000303325535e+23
1 7.3767453844640977e-07 6.6597340559999333e+23
2 6.1217501006077390e-07 8.4059602391230495e+22
3 2.9041545848221042e-07 1.3203103683246723e+24
4 2.1662038101259694e-07 1.7572624350540582e+23
5 1.5786257876079556e-07 6.4989721726731420e+22
6 1.2378877091586471e-07 2.3324675567108631e+23
7 1.0941290807808053e-07 2.1768170823329260e+23
8 9.6898958211798212e-08 1.5238717964998555e+23
9 9.0626174224084462e-08 1.5635666151008093e+23
10 7.3371104733419501e-08 1.2321686830546758e+21
11 7.0260736481574208e-08 2.0681804567740618e+23
12 6.7937294751194507e-08 7.7102145755467534e+21
13 5.5732561654867803e-08 9.5583472231586179e+23
14 5.0612565359680916e-08 1.8382573943758621e+22
15 4.9005422128212012e-08 3.6514255117939886e+22
16 4.5868248856475608e-08 1.8721682572228335e+24
17 3.9513316949350464e-08 2.5725366782662351e+24
18 3.6962634338261020e-08 8.3156583858113148e+21
19 3.4677135066588357e-08 8.5345291452118817e+22
20 3.2942007370338975e-08 1.2826466535653697e+23
21 2.9880899932132765e-08 8.9838568426340060e+23
22 2.7672062580747330e-08 5.2333439158270975e+23
23 2.6847274241237475e-08 7.8802550985494512e+23
24 2.5006911768272593e-08 1.0065379318646640e+24
25 2.4169705937652230e-08 1.9413463964414468e+22
26 2.1744912840297400e-08 5.8148307610344390e+24
27 2.0787955886317875e-08 2.3891011766098505e+23
28 1.9864251350131080e-08 2.5757588228637825e+23
29 1.8686649166955697e-08 2.7191600929422407e+24
30 1.7845776581830559e-08 4.6523117908330890e+23
31 1.6738210532751399e-08 1.1700371057513318e+24
32 1.5681310213325330e-08 9.7061453428785372e+21
33 1.5435408212917186e-08 4.0040462222995057e+22
34 1.4716098536577082e-08 1.4526367456476017e+23
35 1.4146977565569509e-08 6.2830222196968792e+23
36 1.3959555877043058e-08 1.9143797937837336e+23
37 1.3201111849897552e-08 5.9995458606696865e+23
38 1.2755705744763698e-08 1.2340536778494271e+24
39 1.2396822554449438e-08 2.1331115787322341e+24
