0 1.7116841044013255e-06 1.9646531386514115e+24
1 7.3767453844640977e-07 1.5799634138437076e+24
2 6.1217501006077390e-07 1.4531248374596183e+23
3 2.9041545848221042e-07 4.6778141696469690e+24
4 2.1662038101259694e-07 2.7033316977145882e+23
5 1.5786257876079556e-07 4.1440175712152353e+23
6 1.2378877091586471e-07 4.9526381672937658e+23
7 1.0941290807808053e-07 7.8239270543695339e+23
8 9.6898958211798212e-08 6.2593859866426750e+20
9 9.0626174224084462e-08 4.8288379267698447e+23
10 7.3371104733419501e-08 4.2985966625367463e+22
11 7.0260736481574208e-08 1.6953487944943642e+23
12 6.7937294751194507e-08 2.0267433898894206e+21
13 5.5732561654867803e-08 2.1304409171584671e+24
14 5.0612565359680916e-08 2.6616771748224356e+21
15 4.9005422128212012e-08 7.1189244709827510e+22
16 4.5868248856475608e-08 3.3930449499701080e+24
17 3.9513316949350464e-08 6.4299547345953702e+24
18 3.6962634338261020e-08 2.1944567589381667e+23
19 3.4677135066588357e-08 2.3958419555308306e+23
20 3.2942007370338975e-08 4.5412406417177423e+23
21 2.9880899932132765e-08 2.1982110777540597e+24
22 2.7672062580747330e-08 1.2243217343583838e+24
23 2.6847274241237475e-08 2.2676693374024597e+24
24 2.5006911768272593e-08 1.8615841014587532e+24
25 2.4169705937652230e-08 1.2422341200934416e+22
26 2.1744912840297400e-08 1.4610918843499747e+25
27 2.0787955886317875e-08 3.6367860447951679e+23
28 1.9864251350131080e-08 8.7543879358713456e+23
29 1.8686649166955697e-08 5.6544517773561542e+24
30 1.7845776581830559e-08 1.5017327872274752e+24
31 1.6738210532751399e-08 2.8263245177496879e+24
32 1.5681310213325330e-08 2.8434424231784084e+23
33 1.5435408212917186e-08 1.6510155103323176e+23
34 1.4716098536577082e-08 2.8395153595139625e+23
35 1.4146977565569509e-08 1.5714308532650969e+24
36 1.3959555877043058e-08 1.1027289843436905e+24
37 1.3201111849897552e-08 1.8388383539075740e+24
38 1.2755705744763698e-08 2.3453883072793105e+24
39 1.2396822554449438e-08 5.8267944733462964e+24
