0 1.7116841044013255e-06 1.3175682567625171e+24
1 7.3767453844640977e-07 1.0079848633865568e+24
2 6.1217501006077390e-07 1.1215652332378441e+23
3 2.9041545848221042e-07 2.4974207641520882e+24
4 2.1662038101259694e-07 2.1032104252385142e+23
5 1.5786257876079556e-07 1.7282284168765261e+23
6 1.2378877091586471e-07 3.3857447716879840e+23
7 1.0941290807808053e-07 4.0943492683838052e+23
8 9.6898958211798212e-08 6.7391857114286192e+22
9 9.0626174224084462e-08 2.6937168060867237e+23
10 7.3371104733419501e-08 8.5458049546485204e+21
11 7.0260736481574208e-08 2.1451298951680968e+23
12 6.7937294751194507e-08 4.7330071090721876e+21
13 5.5732561654867803e-08 1.4414573201803272e+24
14 5.0612565359680916e-08 1.2703921081707573e+22
15 4.9005422128212012e-08 4.5945328307927813e+22
16 4.5868248856475608e-08 2.4948693813195341e+24
17 3.9513316949350464e-08 4.1113616308974695e+24
18 3.6962634338261020e-08 1.5698650851426865e+22
19 3.4677135066588357e-08 1.5285309025532039e+23
20 3.2942007370338975e-08 2.5615491146958843e+23
21 2.9880899932132765e-08 1.4338912930525076e+24
22 2.7672062580747330e-08 8.0536073459604075e+23
23 2.6847274241237475e-08 1.3499213214986105e+24
24 2.5006911768272593e-08 1.3305354627521232e+24
25 2.4169705937652230e-08 2.3725381284815302e+21
26 2.1744912840297400e-08 9.1742221234238583e+24
27 2.0787955886317875e-08 3.0149157620786257e+23
28 1.9864251350131080e-08 5.0238046727300798e+23
29 1.8686649166955697e-08 3.9670477079066263e+24
30 1.7845776581830559e-08 8.4317840416408578e+23
31 1.6738210532751399e-08 1.8138528317057569e+24
32 1.5681310213325330e-08 7.2442177614343928e+22
33 1.5435408212917186e-08 7.8402012492923530e+22
34 1.4716098536577082e-08 2.0594057906749759e+23
35 1.4146977565569509e-08 9.8280021981489810e+23
36 1.3959555877043058e-08 4.9274252730883231e+23
37 1.3201111849897552e-08 1.0490161319526045e+24
38 1.2755705744763698e-08 1.6918496618910277e+24
39 1.2396822554449438e-08 3.4954575866709245e+24
