0 1.7116841044013255e-06 0.0000000000000000e+00
1 7.3767453844640977e-07 0.0000000000000000e+00
2 6.1217501006077390e-07 0.0000000000000000e+00
3 2.9041545848221042e-07 0.0000000000000000e+00
4 2.1662038101259694e-07 0.0000000000000000e+00
5 1.5786257876079556e-07 0.0000000000000000e+00
6 1.2378877091586471e-07 0.0000000000000000e+00
7 1.0941290807808053e-07 0.0000000000000000e+00
8 9.6898958211798212e-08 0.0000000000000000e+00
9 9.0626174224084462e-08 0.0000000000000000e+00
10 7.3371104733419501e-08 0.0000000000000000e+00
11 7.0260736481574208e-08 0.0000000000000000e+00
12 6.7937294751194507e-08 0.0000000000000000e+00
13 5.5732561654867803e-08 0.0000000000000000e+00
14 5.0612565359680916e-08 0.0000000000000000e+00
15 4.9005422128212012e-08 0.0000000000000000e+00
16 4.5868248856475608e-08 0.0000000000000000e+00
17 3.9513316949350464e-08 0.0000000000000000e+00
18 3.6962634338261020e-08 0.0000000000000000e+00
19 3.4677135066588357e-08 0.0000000000000000e+00
20 3.2942007370338975e-08 0.0000000000000000e+00
21 2.9880899932132765e-08 0.0000000000000000e+00
22 2.7672062580747330e-08 0.0000000000000000e+00
23 2.6847274241237475e-08 0.0000000000000000e+00
24 2.5006911768272593e-08 0.0000000000000000e+00
25 2.4169705937652230e-08 0.0000000000000000e+00
26 2.1744912840297400e-08 0.0000000000000000e+00
27 2.0787955886317875e-08 0.0000000000000000e+00
28 1.9864251350131080e-08 0.0000000000000000e+00
29 1.8686649166955697e-08 0.0000000000000000e+00
30 1.7845776581830559e-08 0.0000000000000000e+00
31 1.6738210532751399e-08 0.0000000000000000e+00
32 1.5681310213325330e-08 0.0000000000000000e+00
33 1.5435408212917186e-08 0.0000000000000000e+00
34 1.4716098536577082e-08 0.0000000000000000e+00
35 1.4146977565569509e-08 0.0000000000000000e+00
36 1.3959555877043058e-08 0.0000000000000000e+00
37 1.3201111849897552e-08 0.0000000000000000e+00
38 1.2755705744763698e-08 0.0000000000000000e+00
39 1.2396822554449438e-08 0.0000000000000000e+00
