0 1.7116841044013255e-06 1.9126616439976146e+24
1 7.3767453844640977e-07 1.5380657796832524e+24
2 6.1217501006077390e-07 1.4281449465238519e+23
3 2.9041545848221042e-07 4.4872184063917240e+24
4 2.1662038101259694e-07 2.6790519239938927e+23
5 1.5786257876079556e-07 3.9337073177740725e+23
6 1.2378877091586471e-07 4.8761079395374075e+23
7 1.0941290807808053e-07 7.5254003215611928e+23
8 9.6898958211798212e-08 2.0359330138110760e+21
9 9.0626174224084462e-08 4.6497309523308421e+23
10 7.3371104733419501e-08 3.9378296230783994e+22
11 7.0260736481574208e-08 1.7448954210926247e+23
12 6.7937294751194507e-08 2.4647606764931226e+21
13 5.5732561654867803e-08 2.0816193471362488e+24
14 5.0612565359680916e-08 3.1569356248557620e+21
15 4.9005422128212012e-08 6.8279194372280016e+22
16 4.5868248856475608e-08 3.3407559879592943e+24
17 3.9513316949350464e-08 6.2523114957224376e+24
18 3.6962634338261020e-08 1.9360210983481866e+23
19 3.4677135066588357e-08 2.3126563574999119e+23
20 3.2942007370338975e-08 4.3691584105368268e+23
21 2.9880899932132765e-08 2.1446961601949746e+24
22 2.7672062580747330e-08 1.1918257751862961e+24
23 2.6847274241237475e-08 2.1887993615221900e+24
24 2.5006911768272593e-08 1.8257834097094516e+24
25 2.4169705937652230e-08 9.6279552292306519e+21
26 2.1744912840297400e-08 1.4157799258058550e+25
27 2.0787955886317875e-08 3.6053077897902355e+23
28 1.9864251350131080e-08 8.4517413091847995e+23
29 1.8686649166955697e-08 5.5293530059857370e+24
30 1.7845776581830559e-08 1.4376797918202136e+24
31 1.6738210532751399e-08 2.7647529275705111e+24
32 1.5681310213325330e-08 2.5898542931181030e+23
33 1.5435408212917186e-08 1.5871222525740649e+23
34 1.4716098536577082e-08 2.7954875600290446e+23
35 1.4146977565569509e-08 1.5252318276326435e+24
36 1.3959555877043058e-08 1.0525869660220075e+24
37 1.3201111849897552e-08 1.7605612495283929e+24
38 1.2755705744763698e-08 2.2950483184259515e+24
39 1.2396822554449438e-08 5.6381394470560383e+24
