0 1.7116841044013255e-06 2.1972011883948398e+23
1 7.3767453844640977e-07 2.0403774343340684e+23
2 6.1217501006077390e-07 2.0922115445197321e+22
3 2.9041545848221042e-07 1.3774957450486620e+23
4 2.1662038101259694e-07 1.2959891970734325e+23
5 1.5786257876079556e-07 3.5487389388258745e+20
6 1.2378877091586471e-07 5.9791616300632200e+22
7 1.0941290807808053e-07 2.9647531250774931e+22
8 9.6898958211798212e-08 2.2711156770675002e+23
9 9.0626174224084462e-08 3.7440410658345906e+22
10 7.3371104733419501e-08 1.2489685294711694e+21
11 7.0260736481574208e-08 9.4483736094882637e+22
12 6.7937294751194507e-08 5.3628712840692498e+21
13 5.5732561654867803e-08 2.2111937687898953e+23
14 5.0612565359680916e-08 1.3012284503347371e+22
15 4.9005422128212012e-08 4.3292974774965684e+22
16 4.5868248856475608e-08 7.7158464274558670e+23
17 3.9513316949350464e-08 5.0597559248793368e+23
18 3.6962634338261020e-08 9.6428686954975591e+22
19 3.4677135066588357e-08 1.6880494678737148e+21
20 3.2942007370338975e-08 7.1274964267585608e+20
21 2.9880899932132765e-08 1.3913100386404477e+23
22 2.7672062580747330e-08 1.1782543965901281e+23
23 2.6847274241237475e-08 1.0285175364265606e+23
24 2.5006911768272593e-08 4.9875210269586047e+23
25 2.4169705937652230e-08 4.2566895305611387e+22
26 2.1744912840297400e-08 1.2708333143070995e+24
27 2.0787955886317875e-08 6.6388046848961800e+22
28 1.9864251350131080e-08 9.1549649501616944e+20
29 1.8686649166955697e-08 6.1942017706701622e+23
30 1.7845776581830559e-08 6.0649140012282943e+22
31 1.6738210532751399e-08 2.6423824374110120e+23
32 1.5681310213325330e-08 1.5514464930617310e+22
33 1.5435408212917186e-08 7.4344353795778732e+21
34 1.4716098536577082e-08 3.5366039640004668e+22
35 1.4146977565569509e-08 1.1070843051381226e+23
36 1.3959555877043058e-08 8.0523333659938967e+20
37 1.3201111849897552e-08 1.0736956755163797e+23
38 1.2755705744763698e-08 4.2789840372325031e+23
39 1.2396822554449438e-08 4.5949306798490149e+23
