0 1.7116841044013255e-06 1.0608826390470608e+22
1 7.3767453844640977e-07 8.4033831907157648e+21
2 6.1217501006077390e-07 1.3019275288090861e+21
3 2.9041545848221042e-07 3.1414798052439740e+20
4 2.1662038101259694e-07 9.7837616317103551e+21
5 1.5786257876079556e-07 1.7635257409786298e+21
6 1.2378877091586471e-07 3.1538822160750011e+21
7 1.0941290807808053e-07 1.7292125522143379e+20
8 9.6898958211798212e-08 3.1433542390836600e+22
9 9.0626174224084462e-08 3.0289202770258470e+21
10 7.3371104733419501e-08 6.8890362067732896e+20
11 7.0260736481574208e-08 4.0076583850596919e+21
12 6.7937294751194507e-08 2.4174658391819801e+19
13 5.5732561654867803e-08 1.4431127444206602e+21
14 5.0612565359680916e-08 1.1432045736704261e+21
15 4.9005422128212012e-08 1.1770500109249567e+22
16 4.5868248856475608e-08 6.6404611434723230e+22
17 3.9513316949350464e-08 1.7099286896145842e+22
18 3.6962634338261020e-08 1.0328365514242530e+22
19 3.4677135066588357e-08 2.6265388209299492e+16
20 3.2942007370338975e-08 2.6226354977162118e+21
21 2.9880899932132765e-08 2.6885660044111978e+21
22 2.7672062580747330e-08 5.2639277535981963e+21
23 2.6847274241237475e-08 2.3494718415673893e+21
24 2.5006911768272593e-08 2.5742956236371256e+22
25 2.4169705937652230e-08 4.4047111513058239e+21
26 2.1744912840297400e-08 4.1414195246777630e+22
27 2.0787955886317875e-08 2.3110561061049082e+21
28 1.9864251350131080e-08 7.2981313616319170e+21
29 1.8686649166955697e-08 1.6326091827703760e+22
30 1.7845776581830559e-08 5.6399834768560941e+17
31 1.6738210532751399e-08 6.6470055699883334e+21
32 1.5681310213325330e-08 3.7934794268364673e+21
33 1.5435408212917186e-08 3.1144094414741688e+20
34 1.4716098536577082e-08 6.8503337476882943e+20
35 1.4146977565569509e-08 1.7910633929198341e+21
36 1.3959555877043058e-08 1.1140994700775631e+22
37 1.3201111849897552e-08 7.2238664493977399e+21
38 1.2755705744763698e-08 3.1563594918135727e+22
39 1.2396822554449438e-08 9.5159973833125355e+21
