0 1.7116841044013255e-06 1.3633580697822594e+24
1 7.3767453844640977e-07 1.0296600377120665e+24
2 6.1217501006077390e-07 1.1663664350959014e+23
3 2.9041545848221042e-07 2.6360758822208168e+24
4 2.1662038101259694e-07 2.0336685405051787e+23
5 1.5786257876079556e-07 1.8636450467624745e+23
6 1.2378877091586471e-07 3.4695412880705412e+23
7 1.0941290807808053e-07 4.2815809518638942e+23
8 9.6898958211798212e-08 5.8617932605839339e+22
9 9.0626174224084462e-08 2.8066655108740526e+23
10 7.3371104733419501e-08 9.4475257931133826e+21
11 7.0260736481574208e-08 2.1176034146017244e+23
12 6.7937294751194507e-08 3.4374360754750090e+21
13 5.5732561654867803e-08 1.4745355815947749e+24
14 5.0612565359680916e-08 1.2429375464231498e+22
15 4.9005422128212012e-08 4.7694995816104679e+22
16 4.5868248856475608e-08 2.5254555015947180e+24
17 3.9513316949350464e-08 4.2734885093394006e+24
18 3.6962634338261020e-08 2.2511556134651503e+22
19 3.4677135066588357e-08 1.6471901763142201e+23
20 3.2942007370338975e-08 2.7524146334715157e+23
21 2.9880899932132765e-08 1.4811709703259849e+24
22 2.7672062580747330e-08 8.2633668774081817e+23
23 2.6847274241237475e-08 1.4187487700518009e+24
24 2.5006911768272593e-08 1.3327928709518890e+24
25 2.4169705937652230e-08 1.7906310521153635e+21
26 2.1744912840297400e-08 9.5076953200470762e+24
27 2.0787955886317875e-08 3.0621634695265267e+23
28 1.9864251350131080e-08 5.2949974939669544e+23
29 1.8686649166955697e-08 4.1030000053691017e+24
30 1.7845776581830559e-08 8.9259465758573132e+23
31 1.6738210532751399e-08 1.8574365473681565e+24
32 1.5681310213325330e-08 8.5608084783369307e+22
33 1.5435408212917186e-08 7.8759485001800509e+22
34 1.4716098536577082e-08 2.1054177653197768e+23
35 1.4146977565569509e-08 1.0214621909545471e+24
36 1.3959555877043058e-08 5.3080023226461556e+23
37 1.3201111849897552e-08 1.1095031497347583e+24
38 1.2755705744763698e-08 1.7383993528495977e+24
39 1.2396822554449438e-08 3.6343385807223730e+24
