0 1.7116841044013255e-06 8.4584224308920182e+23
1 7.3767453844640977e-07 6.4707799093183142e+23
2 6.1217501006077390e-07 7.8794643785952365e+22
3 2.9041545848221042e-07 1.2266931281931973e+24
4 2.1662038101259694e-07 1.8022323535705333e+23
5 1.5786257876079556e-07 5.7275306031720786e+22
6 1.2378877091586471e-07 2.2739507632344311e+23
7 1.0941290807808053e-07 2.0636850217871920e+23
8 9.6898958211798212e-08 1.6034836813490067e+23
9 9.0626174224084462e-08 1.4851885954803582e+23
10 7.3371104733419501e-08 1.1337957884740654e+21
11 7.0260736481574208e-08 2.0368580217322967e+23
12 6.7937294751194507e-08 9.5244516257280263e+21
13 5.5732561654867803e-08 9.2905042218339612e+23
14 5.0612565359680916e-08 1.7738595380014405e+22
15 4.9005422128212012e-08 3.6111049095410600e+22
16 4.5868248856475608e-08 1.8363600379365776e+24
17 3.9513316949350464e-08 2.4441694302613846e+24
18 3.6962634338261020e-08 1.2476968202111262e+22
19 3.4677135066588357e-08 7.7382191447538336e+22
20 3.2942007370338975e-08 1.1198972553315877e+23
21 2.9880899932132765e-08 8.4843848142635858e+23
22 2.7672062580747330e-08 4.9942204344495811e+23
23 2.6847274241237475e-08 7.3772601295277217e+23
24 2.5006911768272593e-08 1.0110158921132335e+24
25 2.4169705937652230e-08 2.1242941677967554e+22
26 2.1744912840297400e-08 5.5245753472839128e+24
27 2.0787955886317875e-08 2.3369678048061469e+23
28 1.9864251350131080e-08 2.3852085017068524e+23
29 1.8686649166955697e-08 2.6091413850817526e+24
30 1.7845776581830559e-08 4.3424541372152400e+23
31 1.6738210532751399e-08 1.1240625970268545e+24
32 1.5681310213325330e-08 5.7629671210729184e+21
33 1.5435408212917186e-08 4.1000834674696022e+22
34 1.4716098536577082e-08 1.3880431177971352e+23
35 1.4146977565569509e-08 5.9997104899376574e+23
36 1.3959555877043058e-08 1.6942331471977610e+23
37 1.3201111849897552e-08 5.5681300931980040e+23
38 1.2755705744763698e-08 1.1883784715609925e+24
39 1.2396822554449438e-08 2.0349517427790255e+24
