0 1.7116841044013255e-06 8.0520308020902909e+23
1 7.3767453844640977e-07 6.0625346733943297e+23
2 6.1217501006077390e-07 7.7128818748082046e+22
3 2.9041545848221042e-07 1.1311476419330046e+24
4 2.1662038101259694e-07 1.6868511844279953e+23
5 1.5786257876079556e-07 5.0003142667380606e+22
6 1.2378877091586471e-07 2.1436401850311197e+23
7 1.0941290807808053e-07 1.8900206780529676e+23
8 9.6898958211798212e-08 1.6557221367416354e+23
9 9.0626174224084462e-08 1.3787250581675969e+23
10 7.3371104733419501e-08 7.2232095669216163e+20
11 7.0260736481574208e-08 1.9863123960889774e+23
12 6.7937294751194507e-08 8.8141481563290421e+21
13 5.5732561654867803e-08 8.7235757229200994e+23
14 5.0612565359680916e-08 1.8308558232710858e+22
15 4.9005422128212012e-08 3.5151907772774824e+22
16 4.5868248856475608e-08 1.7515577918156318e+24
17 3.9513316949350464e-08 2.2996960062426547e+24
18 3.6962634338261020e-08 1.6845569827948571e+22
19 3.4677135066588357e-08 7.3692592451521406e+22
20 3.2942007370338975e-08 1.0696508537594835e+23
21 2.9880899932132765e-08 7.9934154070939115e+23
22 2.7672062580747330e-08 4.7112256441730574e+23
23 2.6847274241237475e-08 6.9127070667783522e+23
24 2.5006911768272593e-08 9.5592552850611833e+23
25 2.4169705937652230e-08 2.3534315913173973e+22
26 2.1744912840297400e-08 5.2103382939399413e+24
27 2.0787955886317875e-08 2.2651486620085241e+23
28 1.9864251350131080e-08 2.1884418914499376e+23
29 1.8686649166955697e-08 2.4845017164888629e+24
30 1.7845776581830559e-08 4.0677349231643158e+23
31 1.6738210532751399e-08 1.0486890948540516e+24
32 1.5681310213325330e-08 4.0470125964548631e+21
33 1.5435408212917186e-08 3.5759614620634087e+22
34 1.4716098536577082e-08 1.3163921718864626e+23
35 1.4146977565569509e-08 5.6803941817372231e+23
36 1.3959555877043058e-08 1.4712794304265915e+23
37 1.3201111849897552e-08 5.2700876528147753e+23
38 1.2755705744763698e-08 1.1433986245372830e+24
39 1.2396822554449438e-08 1.9042660881726033e+24
