0 1.7116841044013255e-06 2.4613274533451391e+24
1 7.3767453844640977e-07 2.0784877390810890e+24
2 6.1217501006077390e-07 1.5920164229174031e+23
3 2.9041545848221042e-07 6.6091220933726614e+24
4 2.1662038101259694e-07 3.3320131626365770e+23
5 1.5786257876079556e-07 6.5121019355658772e+23
6 1.2378877091586471e-07 6.2901796249787907e+23
7 1.0941290807808053e-07 1.1548077845050413e+24
8 9.6898958211798212e-08 2.7323446197677378e+22
9 9.0626174224084462e-08 6.7315239799023937e+23
10 7.3371104733419501e-08 9.7149378374319907e+22
11 7.0260736481574208e-08 1.1502949836857716e+23
12 6.7937294751194507e-08 1.6218183751274432e+21
13 5.5732561654867803e-08 2.6243262159098654e+24
14 5.0612565359680916e-08 6.8402321971651543e+19
15 4.9005422128212012e-08 9.5794989381717980e+22
16 4.5868248856475608e-08 4.0521919000351413e+24
17 3.9513316949350464e-08 8.1352591368701536e+24
18 3.6962634338261020e-08 5.2498964597667092e+23
19 3.4677135066588357e-08 2.8792558618982272e+23
20 3.2942007370338975e-08 6.1442434303665702e+23
21 2.9880899932132765e-08 2.7546738477423242e+24
22 2.7672062580747330e-08 1.5605607934766640e+24
23 2.6847274241237475e-08 2.9996370366798055e+24
24 2.5006911768272593e-08 2.3096308683933367e+24
25 2.4169705937652230e-08 6.2667282030883391e+22
26 2.1744912840297400e-08 1.9144669751679356e+25
27 2.0787955886317875e-08 3.9576564092008073e+23
28 1.9864251350131080e-08 1.1731278435821560e+24
29 1.8686649166955697e-08 6.7917768266003614e+24
30 1.7845776581830559e-08 2.0044295656295449e+24
31 1.6738210532751399e-08 3.6806755227766194e+24
32 1.5681310213325330e-08 5.2832986662916947e+23
33 1.5435408212917186e-08 2.5414574327776730e+23
34 1.4716098536577082e-08 3.3168221129592766e+23
35 1.4146977565569509e-08 2.0380025291328542e+24
36 1.3959555877043058e-08 1.6464623193833338e+24
37 1.3201111849897552e-08 2.5490738396219223e+24
38 1.2755705744763698e-08 2.8043811992662208e+24
39 1.2396822554449438e-08 7.8538161499268264e+24
