0 1.7116841044013255e-06 1.6434583474091620e+23
1 7.3767453844640977e-07 1.6302075237311289e+23
2 6.1217501006077390e-07 1.7984603705420634e+22
3 2.9041545848221042e-07 8.5310803566069780e+22
4 2.1662038101259694e-07 1.1893890976291492e+23
5 1.5786257876079556e-07 1.5682376598409312e+19
6 1.2378877091586471e-07 5.0500725305628317e+22
7 1.0941290807808053e-07 1.8849987593855383e+22
8 9.6898958211798212e-08 2.1235955031105820e+23
9 9.0626174224084462e-08 3.2355229917259296e+22
10 7.3371104733419501e-08 2.8004375725039839e+21
11 7.0260736481574208e-08 8.0736887413427138e+22
12 6.7937294751194507e-08 4.0565410925277599e+21
13 5.5732561654867803e-08 1.5426650957780479e+23
14 5.0612565359680916e-08 1.1270051806423005e+22
15 4.9005422128212012e-08 4.5578781321159753e+22
16 4.5868248856475608e-08 6.6782940169307772e+23
17 3.9513316949350464e-08 3.6856097550606994e+23
18 3.6962634338261020e-08 9.4794994144275725e+22
19 3.4677135066588357e-08 4.0120761277502611e+19
20 3.2942007370338975e-08 5.0429027084259767e+21
21 2.9880899932132765e-08 8.8007114219445966e+22
22 2.7672062580747330e-08 8.0713035598230465e+22
23 2.6847274241237475e-08 6.6137680966387052e+22
24 2.5006911768272593e-08 4.4519202233633050e+23
25 2.4169705937652230e-08 4.0672664802141726e+22
26 2.1744912840297400e-08 9.0330904634123707e+23
27 2.0787955886317875e-08 4.9568339804631834e+22
28 1.9864251350131080e-08 6.2247630129130557e+20
29 1.8686649166955697e-08 4.5170261507916549e+23
30 1.7845776581830559e-08 3.8820439036276100e+22
31 1.6738210532751399e-08 2.0542417508718127e+23
32 1.5681310213325330e-08 1.7604085404468490e+22
33 1.5435408212917186e-08 3.0000198695850150e+21
34 1.4716098536577082e-08 2.7477054122540646e+22
35 1.4146977565569509e-08 8.0344392359978081e+22
36 1.3959555877043058e-08 3.8512429041112973e+21
37 1.3201111849897552e-08 6.9365697857420987e+22
38 1.2755705744763698e-08 3.4337688947828614e+23
39 1.2396822554449438e-08 3.3455831629554895e+23
