0 1.7116841044013255e-06 5.8514502487019893e+23
1 7.3767453844640977e-07 4.5653928199132431e+23
2 6.1217501006077390e-07 5.4647903373088052e+22
3 2.9041545848221042e-07 6.6933173902080913e+23
4 2.1662038101259694e-07 1.6387647583458083e+23
5 1.5786257876079556e-07 1.7843045423323919e+22
6 1.2378877091586471e-07 1.5034910206061170e+23
7 1.0941290807808053e-07 1.1899479890943094e+23
8 9.6898958211798212e-08 1.9873799767572218e+23
9 9.0626174224084462e-08 9.2279767977364415e+22
10 7.3371104733419501e-08 3.9776234096147120e+19
11 7.0260736481574208e-08 1.7175025338741685e+23
12 6.7937294751194507e-08 1.0841139408881796e+22
13 5.5732561654867803e-08 6.5096595946100955e+23
14 5.0612565359680916e-08 1.7787880168474806e+22
15 4.9005422128212012e-08 3.5398141188992919e+22
16 4.5868248856475608e-08 1.4167015865094551e+24
17 3.9513316949350464e-08 1.5612844627744607e+24
18 3.6962634338261020e-08 5.1876093872400398e+22
19 3.4677135066588357e-08 4.1059589226928668e+22
20 3.2942007370338975e-08 5.2552962125357268e+22
21 2.9880899932132765e-08 5.3038917151373408e+23
22 2.7672062580747330e-08 3.4167920833315352e+23
23 2.6847274241237475e-08 4.3419085725222685e+23
24 2.5006911768272593e-08 8.3414700214350618e+23
25 2.4169705937652230e-08 3.1620153509277363e+22
26 2.1744912840297400e-08 3.6722051531342411e+24
27 2.0787955886317875e-08 1.8527435715048412e+23
28 1.9864251350131080e-08 1.2588805893078083e+23
29 1.8686649166955697e-08 1.7860167352319792e+24
30 1.7845776581830559e-08 2.6244068940804092e+23
31 1.6738210532751399e-08 7.2368162363985285e+23
32 1.5681310213325330e-08 4.3059785653986866e+20
33 1.5435408212917186e-08 2.6844509923203080e+22
34 1.4716098536577082e-08 1.0474712794697004e+23
35 1.4146977565569509e-08 3.8953247666333069e+23
36 1.3959555877043058e-08 5.0129195605431721e+22
37 1.3201111849897552e-08 3.2678439967796080e+23
38 1.2755705744763698e-08 8.9837838606110124e+23
39 1.2396822554449438e-08 1.3176478275303392e+24
