0 1.7116841044013255e-06 3.0103674755666699e+22
1 7.3767453844640977e-07 2.7035120118474218e+22
2 6.1217501006077390e-07 4.6014852048202372e+21
3 2.9041545848221042e-07 3.7131083853930756e+21
4 2.1662038101259694e-07 2.7297458640489305e+22
5 1.5786257876079556e-07 1.6559434989417870e+21
6 1.2378877091586471e-07 9.6850907616386199e+21
7 1.0941290807808053e-07 8.4781843747691115e+20
8 9.6898958211798212e-08 7.7781750362882966e+22
9 9.0626174224084462e-08 8.0121316182009588e+21
10 7.3371104733419501e-08 2.6099869459089908e+21
11 7.0260736481574208e-08 1.5361268135355805e+22
12 6.7937294751194507e-08 4.4240048672466928e+19
13 5.5732561654867803e-08 9.5254769840891101e+21
14 5.0612565359680916e-08 3.0755180992417508e+21
15 4.9005422128212012e-08 2.2205622844815040e+22
16 4.5868248856475608e-08 1.7417176731026204e+23
17 3.9513316949350464e-08 5.2405494654870940e+22
18 3.6962634338261020e-08 2.8110565643721506e+22
19 3.4677135066588357e-08 1.4071077652279956e+20
20 3.2942007370338975e-08 5.7512914237552748e+21
21 2.9880899932132765e-08 1.0391417000377813e+22
22 2.7672062580747330e-08 1.4125849181813909e+22
23 2.6847274241237475e-08 6.8686057575130375e+21
24 2.5006911768272593e-08 8.5117393396395223e+22
25 2.4169705937652230e-08 1.1367900198359569e+22
26 2.1744912840297400e-08 1.3856806406058139e+23
27 2.0787955886317875e-08 6.3300467380583850e+21
28 1.9864251350131080e-08 1.2975667687067520e+22
29 1.8686649166955697e-08 5.4156834274549235e+22
30 1.7845776581830559e-08 1.2570935635236353e+21
31 1.6738210532751399e-08 2.7451433836502611e+22
32 1.5681310213325330e-08 9.6146549196476048e+21
33 1.5435408212917186e-08 8.4300523418834698e+20
34 1.4716098536577082e-08 2.6317012333930139e+21
35 1.4146977565569509e-08 8.7156772728383251e+21
36 1.3959555877043058e-08 1.6653408170649347e+22
37 1.3201111849897552e-08 1.6641013509079144e+22
38 1.2755705744763698e-08 8.4251302299190681e+22
39 1.2396822554449438e-08 3.7920846387651073e+22
