0 1.7116841044013255e-06 2.8079961662587572e+24
1 7.3767453844640977e-07 2.4225645360496030e+24
2 6.1217501006077390e-07 1.6883227196456718e+23
3 2.9041545848221042e-07 8.0776334832931346e+24
4 2.1662038101259694e-07 3.6952724022269463e+23
5 1.5786257876079556e-07 8.3791236246740307e+23
6 1.2378877091586471e-07 7.0593003422212842e+23
7 1.0941290807808053e-07 1.4376478552136651e+24
8 9.6898958211798212e-08 9.1516009381043720e+22
9 9.0626174224084462e-08 8.1830103376236982e+23
10 7.3371104733419501e-08 1.4881702968474798e+23
11 7.0260736481574208e-08 7.6161900099975493e+22
12 6.7937294751194507e-08 1.0514184218580111e+21
13 5.5732561654867803e-08 2.9248209055618516e+24
14 5.0612565359680916e-08 2.4532741201532840e+21
15 4.9005422128212012e-08 1.1584274651965738e+23
16 4.5868248856475608e-08 4.4651219584747716e+24
17 3.9513316949350464e-08 9.2543787965819667e+24
18 3.6962634338261020e-08 8.2151305191382298e+23
19 3.4677135066588357e-08 3.1971713042988930e+23
20 3.2942007370338975e-08 7.2316664705415681e+23
21 2.9880899932132765e-08 3.1186201466584094e+24
22 2.7672062580747330e-08 1.7960850271215368e+24
23 2.6847274241237475e-08 3.5227367417983022e+24
24 2.5006911768272593e-08 2.6057361007807290e+24
25 2.4169705937652230e-08 1.2376552233112078e+23
26 2.1744912840297400e-08 2.2448638325136903e+25
27 2.0787955886317875e-08 4.0586894676607500e+23
28 1.9864251350131080e-08 1.3739615787443234e+24
29 1.8686649166955697e-08 7.5135279121908517e+24
30 1.7845776581830559e-08 2.3864385192611047e+24
31 1.6738210532751399e-08 4.2244952415120085e+24
32 1.5681310213325330e-08 7.5789101023953409e+23
33 1.5435408212917186e-08 3.2196630279479692e+23
34 1.4716098536577082e-08 3.5677884674228470e+23
35 1.4146977565569509e-08 2.3624596821903971e+24
36 1.3959555877043058e-08 2.0319723074270539e+24
37 1.3201111849897552e-08 3.1104262885718235e+24
38 1.2755705744763698e-08 3.1371604203299524e+24
39 1.2396822554449438e-08 9.2696067947446952e+24
