0 1.7116841044013255e-06 1.7578880097669757e+24
1 7.3767453844640977e-07 1.4124765955564049e+24
2 6.1217501006077390e-07 1.3370632183459984e+23
3 2.9041545848221042e-07 3.9351068702716464e+24
4 2.1662038101259694e-07 2.6487131785208447e+23
5 1.5786257876079556e-07 3.2840149403199087e+23
6 1.2378877091586471e-07 4.4993480628434149e+23
7 1.0941290807808053e-07 6.5932855616449622e+23
8 9.6898958211798212e-08 1.0954425376855376e+22
9 9.0626174224084462e-08 4.1415238315000604e+23
10 7.3371104733419501e-08 2.9866795645382647e+22
11 7.0260736481574208e-08 1.9111714696974464e+23
12 6.7937294751194507e-08 3.7055367870046871e+21
13 5.5732561654867803e-08 1.9413868736371777e+24
14 5.0612565359680916e-08 5.3232611348501097e+21
15 4.9005422128212012e-08 6.4624414933951170e+22
16 4.5868248856475608e-08 3.1354033823917932e+24
17 3.9513316949350464e-08 5.7122123079939530e+24
18 3.6962634338261020e-08 1.2815593409602235e+23
19 3.4677135066588357e-08 2.0729169791605310e+23
20 3.2942007370338975e-08 3.7335916483320105e+23
21 2.9880899932132765e-08 1.9401243361180512e+24
22 2.7672062580747330e-08 1.0850655158254028e+24
23 2.6847274241237475e-08 1.9665679028471831e+24
24 2.5006911768272593e-08 1.7373415225521368e+24
25 2.4169705937652230e-08 2.9316927156230674e+21
26 2.1744912840297400e-08 1.2828768913020601e+25
27 2.0787955886317875e-08 3.4824771671248565e+23
28 1.9864251350131080e-08 7.5717728814790373e+23
29 1.8686649166955697e-08 5.1712859521499579e+24
30 1.7845776581830559e-08 1.2962420715271378e+24
31 1.6738210532751399e-08 2.5187845222162528e+24
32 1.5681310213325330e-08 2.0359156857379130e+23
33 1.5435408212917186e-08 1.4046634066651856e+23
34 1.4716098536577082e-08 2.6329452653403390e+23
35 1.4146977565569509e-08 1.3784287738767862e+24
36 1.3959555877043058e-08 8.9607762337637952e+23
37 1.3201111849897552e-08 1.5517485890982565e+24
38 1.2755705744763698e-08 2.1385508982795306e+24
39 1.2396822554449438e-08 5.0956490765634265e+24
