0 1.7116841044013255e-06 4.8709865206520455e+22
1 7.3767453844640977e-07 4.5964609756117292e+22
2 6.1217501006077390e-07 7.4519772837362836e+21
3 2.9041545848221042e-07 9.2607989569282543e+21
4 2.1662038101259694e-07 4.2722885476959960e+22
5 1.5786257876079556e-07 1.3364310468233947e+21
6 1.2378877091586471e-07 1.7170150070828872e+22
7 1.0941290807808053e-07 2.5693025943513439e+21
8 9.6898958211798212e-08 1.0568898335195437e+23
9 9.0626174224084462e-08 1.1841321336857935e+22
10 7.3371104733419501e-08 3.3700700151316690e+21
11 7.0260736481574208e-08 2.4923899736143476e+22
12 6.7937294751194507e-08 3.3324646323358407e+20
13 5.5732561654867803e-08 2.3959608567645268e+22
14 5.0612565359680916e-08 4.8627167193800492e+21
15 4.9005422128212012e-08 2.7419550646208473e+22
16 4.5868248856475608e-08 2.6221243516350290e+23
17 3.9513316949350464e-08 9.2474733528461399e+22
18 3.6962634338261020e-08 4.7231559721927060e+22
19 3.4677135066588357e-08 3.9847780715997463e+20
20 3.2942007370338975e-08 5.7533708525755779e+21
21 2.9880899932132765e-08 1.8560419192400123e+22
22 2.7672062580747330e-08 2.1229252007626369e+22
23 2.6847274241237475e-08 1.2228725559252440e+22
24 2.5006911768272593e-08 1.4607101190033144e+23
25 2.4169705937652230e-08 1.7295457953470055e+22
26 2.1744912840297400e-08 2.2517541122361726e+23
27 2.0787955886317875e-08 1.3819207476349686e+22
28 1.9864251350131080e-08 9.8245174465812077e+21
29 1.8686649166955697e-08 9.9002565731886255e+22
30 1.7845776581830559e-08 3.7642620005243819e+21
31 1.6738210532751399e-08 5.1747182471581859e+22
32 1.5681310213325330e-08 1.4765775403442495e+22
33 1.5435408212917186e-08 4.3218334183761084e+20
34 1.4716098536577082e-08 5.6960960446613988e+21
35 1.4146977565569509e-08 1.7786769780004421e+22
36 1.3959555877043058e-08 1.4706679116068563e+22
37 1.3201111849897552e-08 2.1548774769175583e+22
38 1.2755705744763698e-08 1.2509116240383708e+23
39 1.2396822554449438e-08 7.1013284576931260e+22
