0 1.7116841044013255e-06 5.5057412977979040e+23
1 7.3767453844640977e-07 4.3141842676411349e+23
2 6.1217501006077390e-07 5.2177461751970489e+22
3 2.9041545848221042e-07 6.0680425560816887e+23
4 2.1662038101259694e-07 1.5959342309430684e+23
5 1.5786257876079556e-07 1.4677394957094766e+22
6 1.2378877091586471e-07 1.4394945071705487e+23
7 1.0941290807808053e-07 1.0985353770249950e+23
8 9.6898958211798212e-08 2.0142019056836777e+23
9 9.0626174224084462e-08 8.6085714728515044e+22
10 7.3371104733419501e-08 2.2127218125154808e+19
11 7.0260736481574208e-08 1.6526008573076421e+23
12 6.7937294751194507e-08 1.0957467109025951e+22
13 5.5732561654867803e-08 6.1021016736586990e+23
14 5.0612565359680916e-08 1.7740905829970876e+22
15 4.9005422128212012e-08 3.4625729268086437e+22
16 4.5868248856475608e-08 1.3639887304153257e+24
17 3.9513316949350464e-08 1.4544413799075693e+24
18 3.6962634338261020e-08 5.7710201140602863e+22
19 3.4677135066588357e-08 3.6284917709046559e+22
20 3.2942007370338975e-08 4.5804355237315047e+22
21 2.9880899932132765e-08 4.9397580979748887e+23
22 2.7672062580747330e-08 3.2015541994697247e+23
23 2.6847274241237475e-08 3.9881621262263765e+23
24 2.5006911768272593e-08 8.0222253899228409e+23
25 2.4169705937652230e-08 3.2654135354709842e+22
26 2.1744912840297400e-08 3.4258253399347444e+24
27 2.0787955886317875e-08 1.7990588935576225e+23
28 1.9864251350131080e-08 1.1280265374359724e+23
29 1.8686649166955697e-08 1.6727026549962282e+24
30 1.7845776581830559e-08 2.3571309472840976e+23
31 1.6738210532751399e-08 6.7990773519570033e+23
32 1.5681310213325330e-08 1.3347605819369977e+21
33 1.5435408212917186e-08 2.4975772673238746e+22
34 1.4716098536577082e-08 9.9521693095169920e+22
35 1.4146977565569509e-08 3.6408776346560301e+23
36 1.3959555877043058e-08 4.1575535617464362e+22
37 1.3201111849897552e-08 2.9830561709145618e+23
38 1.2755705744763698e-08 8.5681967748718262e+23
39 1.2396822554449438e-08 1.2284404421929083e+24
