0 1.7116841044013255e-06 3.8514027352283930e+22
1 7.3767453844640977e-07 3.6776724819607862e+22
2 6.1217501006077390e-07 5.7314926024683432e+21
3 2.9041545848221042e-07 5.8958786361049030e+21
4 2.1662038101259694e-07 3.6066362038082196e+22
5 1.5786257876079556e-07 1.5113491715032280e+21
6 1.2378877091586471e-07 1.2524718146983198e+22
7 1.0941290807808053e-07 1.5997775211524380e+21
8 9.6898958211798212e-08 9.0580803178929370e+22
9 9.0626174224084462e-08 9.8605452593803915e+21
10 7.3371104733419501e-08 3.0526743042842144e+21
11 7.0260736481574208e-08 1.9791172614393055e+22
12 6.7937294751194507e-08 1.3839529552228231e+20
13 5.5732561654867803e-08 1.7215202224231309e+22
14 5.0612565359680916e-08 3.6875083879633298e+21
15 4.9005422128212012e-08 2.4525110950125277e+22
16 4.5868248856475608e-08 2.1978126677406127e+23
17 3.9513316949350464e-08 7.0723340097355101e+22
18 3.6962634338261020e-08 3.8176504461448740e+22
19 3.4677135066588357e-08 3.9421630662872039e+20
20 3.2942007370338975e-08 5.9080867320550266e+21
21 2.9880899932132765e-08 1.4290429356953634e+22
22 2.7672062580747330e-08 1.7754923620759092e+22
23 2.6847274241237475e-08 8.8599850400342417e+21
24 2.5006911768272593e-08 1.1882304752623750e+23
25 2.4169705937652230e-08 1.4464908604780153e+22
26 2.1744912840297400e-08 1.8117396249043316e+23
27 2.0787955886317875e-08 9.2907232781251474e+21
28 1.9864251350131080e-08 1.0772289637983348e+22
29 1.8686649166955697e-08 7.1742956878942106e+22
30 1.7845776581830559e-08 2.9132150388870401e+21
31 1.6738210532751399e-08 3.8177142660116274e+22
32 1.5681310213325330e-08 1.3424196854637214e+22
33 1.5435408212917186e-08 4.1562013240982497e+20
34 1.4716098536577082e-08 4.1027853760812359e+21
35 1.4146977565569509e-08 1.2938064841721294e+22
36 1.3959555877043058e-08 1.6732245934255815e+22
37 1.3201111849897552e-08 1.8266180423919816e+22
38 1.2755705744763698e-08 1.0274633092628967e+23
39 1.2396822554449438e-08 5.1031662506512342e+22
