0 1.7116841044013255e-06 1.1815646458703079e+24
1 7.3767453844640977e-07 9.0851245796916048e+23
2 6.1217501006077390e-07 1.0221800290058016e+23
3 2.9041545848221042e-07 2.0981019328436533e+24
4 2.1662038101259694e-07 2.0790145279407954e+23
5 1.5786257876079556e-07 1.3417829089692666e+23
6 1.2378877091586471e-07 3.0981998912737606e+23
7 1.0941290807808053e-07 3.4647870826912215e+23
8 9.6898958211798212e-08 9.1931400705605301e+22
9 9.0626174224084462e-08 2.3231015156662388e+23
10 7.3371104733419501e-08 5.5196446207719328e+21
11 7.0260736481574208e-08 2.1776405386883308e+23
12 6.7937294751194507e-08 6.7826739727072462e+21
13 5.5732561654867803e-08 1.3030698167470703e+24
14 5.0612565359680916e-08 1.3944880009689851e+22
15 4.9005422128212012e-08 4.2410438644814538e+22
16 4.5868248856475608e-08 2.3250374977408436e+24
17 3.9513316949350464e-08 3.6230276646150975e+24
18 3.6962634338261020e-08 2.8866508939477453e+21
19 3.4677135066588357e-08 1.2909857507464981e+23
20 3.2942007370338975e-08 2.1262947117097882e+23
21 2.9880899932132765e-08 1.2687853731226272e+24
22 2.7672062580747330e-08 7.2161480532077918e+23
23 2.6847274241237475e-08 1.1621785440269757e+24
24 2.5006911768272593e-08 1.2544457221860754e+24
25 2.4169705937652230e-08 5.8169972800668398e+21
26 2.1744912840297400e-08 8.1026769806746104e+24
27 2.0787955886317875e-08 2.8589479621607520e+23
28 1.9864251350131080e-08 4.2292231063930544e+23
29 1.8686649166955697e-08 3.5861055933432271e+24
30 1.7845776581830559e-08 7.1281508991752330e+23
31 1.6738210532751399e-08 1.6309039466085992e+24
32 1.5681310213325330e-08 4.4346870273927423e+22
33 1.5435408212917186e-08 6.7754314106167634e+22
34 1.4716098536577082e-08 1.8933215038591247e+23
35 1.4146977565569509e-08 8.6531592984323739e+23
36 1.3959555877043058e-08 3.8731895409149116e+23
37 1.3201111849897552e-08 8.9936996197657396e+23
38 1.2755705744763698e-08 1.5468850971935331e+24
39 1.2396822554449438e-08 3.0663484650103390e+24
