0 1.7116841044013255e-06 6.0036908618854261e+22
1 7.3767453844640977e-07 5.8904435704002356e+22
2 6.1217501006077390e-07 8.7331161523785187e+21
3 2.9041545848221042e-07 1.3819420430307336e+22
4 2.1662038101259694e-07 5.3462627418996252e+22
5 1.5786257876079556e-07 1.1033190750742484e+21
6 1.2378877091586471e-07 2.1866450930250082e+22
7 1.0941290807808053e-07 3.8847824764512942e+21
8 9.6898958211798212e-08 1.2199661182768646e+23
9 9.0626174224084462e-08 1.4523085357918238e+22
10 7.3371104733419501e-08 3.7648472987334575e+21
11 7.0260736481574208e-08 3.1079855020489864e+22
12 6.7937294751194507e-08 6.3577220397513992e+20
13 5.5732561654867803e-08 3.5123069434202300e+22
14 5.0612565359680916e-08 5.6189500306974132e+21
15 4.9005422128212012e-08 3.0404931462118039e+22
16 4.5868248856475608e-08 3.1893411290338315e+23
17 3.9513316949350464e-08 1.1865208639372995e+23
18 3.6962634338261020e-08 5.6799000276731737e+22
19 3.4677135066588357e-08 5.1796505606134923e+20
20 3.2942007370338975e-08 6.9009270117586499e+21
21 2.9880899932132765e-08 2.4463885573278849e+22
22 2.7672062580747330e-08 2.6637667246720357e+22
23 2.6847274241237475e-08 1.5652323908759407e+22
24 2.5006911768272593e-08 1.8591373468957629e+23
25 2.4169705937652230e-08 2.0954247644745115e+22
26 2.1744912840297400e-08 2.8463699102714798e+23
27 2.0787955886317875e-08 1.7541065626822975e+22
28 1.9864251350131080e-08 8.4903772419077827e+21
29 1.8686649166955697e-08 1.2735061485159296e+23
30 1.7845776581830559e-08 5.5076031408679588e+21
31 1.6738210532751399e-08 6.8513884436987122e+22
32 1.5681310213325330e-08 1.8268369956262591e+22
33 1.5435408212917186e-08 1.1256487148762676e+20
34 1.4716098536577082e-08 7.7644713073125548e+21
35 1.4146977565569509e-08 2.3205457570314345e+22
36 1.3959555877043058e-08 1.3676601837918683e+22
37 1.3201111849897552e-08 2.4850624756895424e+22
38 1.2755705744763698e-08 1.5031076252414025e+23
39 1.2396822554449438e-08 9.2939353048344034e+22
