0 1.7116841044013255e-06 2.9156703576146409e+23
1 7.3767453844640977e-07 2.6059202102056803e+23
2 6.1217501006077390e-07 2.8361605315183908e+22
3 2.9041545848221042e-07 2.2352735866159737e+23
4 2.1662038101259694e-07 1.4678061454444012e+23
5 1.5786257876079556e-07 1.9652009250391644e+21
6 1.2378877091586471e-07 8.0333951755111228e+22
7 1.0941290807808053e-07 4.3296999289452767e+22
8 9.6898958211798212e-08 2.4492459664163604e+23
9 9.0626174224084462e-08 5.1360613124270360e+22
10 7.3371104733419501e-08 1.0201194630162969e+21
11 7.0260736481574208e-08 1.1857943830799849e+23
12 6.7937294751194507e-08 7.8524536519903842e+21
13 5.5732561654867803e-08 3.0128749008231689e+23
14 5.0612565359680916e-08 1.5185612006992877e+22
15 4.9005422128212012e-08 4.1952212057114225e+22
16 4.5868248856475608e-08 9.3411399170303307e+23
17 3.9513316949350464e-08 6.9920806838090299e+23
18 3.6962634338261020e-08 8.8898996804040224e+22
19 3.4677135066588357e-08 5.2567014237801504e+21
20 3.2942007370338975e-08 6.6909304645500592e+19
21 2.9880899932132765e-08 2.0488930390064742e+23
22 2.7672062580747330e-08 1.6083497190571075e+23
23 2.6847274241237475e-08 1.5822239934004043e+23
24 2.5006911768272593e-08 6.0085829900998949e+23
25 2.4169705937652230e-08 4.2102453825888542e+22
26 2.1744912840297400e-08 1.7370383722477793e+24
27 2.0787955886317875e-08 8.4483608129913741e+22
28 1.9864251350131080e-08 8.9967377543237867e+21
29 1.8686649166955697e-08 8.5830809220733566e+23
30 1.7845776581830559e-08 8.8949668622522548e+22
31 1.6738210532751399e-08 3.6354854872729614e+23
32 1.5681310213325330e-08 1.0275977601498690e+22
33 1.5435408212917186e-08 1.1066699383151633e+22
34 1.4716098536577082e-08 5.0803197514623155e+22
35 1.4146977565569509e-08 1.6277248661842705e+23
36 1.3959555877043058e-08 8.0709766461577010e+20
37 1.3201111849897552e-08 1.4020147760983605e+23
38 1.2755705744763698e-08 5.3907834124567361e+23
39 1.2396822554449438e-08 6.3188691608473731e+23
