0 1.7116841044013255e-06 2.9271545790830865e+21
1 7.3767453844640977e-07 1.9692953054161805e+21
2 6.1217501006077390e-07 3.3170860934198428e+20
3 2.9041545848221042e-07 9.7268089789070797e+17
4 2.1662038101259694e-07 2.6292845702987954e+21
5 1.5786257876079556e-07 9.9957875122528846e+20
6 1.2378877091586471e-07 8.8560377114128024e+20
7 1.0941290807808053e-07 1.0720256310212766e+19
8 9.6898958211798212e-08 9.0088434703550403e+21
9 9.0626174224084462e-08 1.2462143204287250e+21
10 7.3371104733419501e-08 1.9816406645348113e+20
11 7.0260736481574208e-08 6.3124556340499985e+20
12 6.7937294751194507e-08 9.8156581573580177e+19
13 5.5732561654867803e-08 8.0328559092404421e+19
14 5.0612565359680916e-08 3.4857371311040699e+20
15 4.9005422128212012e-08 4.4198007055890283e+21
16 4.5868248856475608e-08 1.8111400022555159e+22
17 3.9513316949350464e-08 4.6290499034967143e+21
18 3.6962634338261020e-08 2.6149271013047586e+21
19 3.4677135066588357e-08 6.8382090686649149e+18
20 3.2942007370338975e-08 7.2596562098086950e+20
21 2.9880899932132765e-08 5.4879329812209906e+20
22 2.7672062580747330e-08 1.3398394587574803e+21
23 2.6847274241237475e-08 7.3745135112762648e+20
24 2.5006911768272593e-08 5.1913817289915420e+21
25 2.4169705937652230e-08 1.4443577682434274e+21
26 2.1744912840297400e-08 9.0811369639091120e+21
27 2.0787955886317875e-08 6.7334250353521944e+20
28 1.9864251350131080e-08 3.0741185030599397e+21
29 1.8686649166955697e-08 4.2757790944625033e+21
30 1.7845776581830559e-08 8.6533835028419871e+19
31 1.6738210532751399e-08 1.2603510906134885e+21
32 1.5681310213325330e-08 9.5327621905721747e+20
33 1.5435408212917186e-08 1.3554309979820394e+20
34 1.4716098536577082e-08 7.7235345636016112e+19
35 1.4146977565569509e-08 1.9421703026995606e+20
36 1.3959555877043058e-08 3.8822393708518457e+21
37 1.3201111849897552e-08 2.3168036513464965e+21
38 1.2755705744763698e-08 8.7563485719252225e+21
39 1.2396822554449438e-08 1.8923465922699733e+21
