0 1.7116841044013255e-06 7.6672650096011853e+23
1 7.3767453844640977e-07 5.8080724475157445e+23
2 6.1217501006077390e-07 7.3153606375275439e+22
3 2.9041545848221042e-07 1.0438774371082423e+24
4 2.1662038101259694e-07 1.6887749619868785e+23
5 1.5786257876079556e-07 4.2971312684936387e+22
6 1.2378877091586471e-07 2.0308988354309302e+23
7 1.0941290807808053e-07 1.7548895694920882e+23
8 9.6898958211798212e-08 1.7251417404344723e+23
9 9.0626174224084462e-08 1.2969216368795732e+23
10 7.3371104733419501e-08 5.3067660595124024e+20
11 7.0260736481574208e-08 1.9522952577854377e+23
12 6.7937294751194507e-08 9.3606649247246204e+21
13 5.5732561654867803e-08 8.3481432048942996e+23
14 5.0612565359680916e-08 1.8199674443785493e+22
15 4.9005422128212012e-08 3.5012921755497461e+22
16 4.5868248856475608e-08 1.7000528429291667e+24
17 3.9513316949350464e-08 2.1681867846476141e+24
18 3.6962634338261020e-08 2.1881175028097396e+22
19 3.4677135066588357e-08 6.7366704845030500e+22
20 3.2942007370338975e-08 9.6159793486136158e+22
21 2.9880899932132765e-08 7.5212733830623535e+23
22 2.7672062580747330e-08 4.4945577316443536e+23
23 2.6847274241237475e-08 6.4443587254256554e+23
24 2.5006911768272593e-08 9.3871526443927195e+23
25 2.4169705937652230e-08 2.5229779093936721e+22
26 2.1744912840297400e-08 4.9421252100021191e+24
27 2.0787955886317875e-08 2.1889783776714836e+23
28 1.9864251350131080e-08 2.0259728263937462e+23
29 1.8686649166955697e-08 2.3636423824888533e+24
30 1.7845776581830559e-08 3.8161233108870067e+23
31 1.6738210532751399e-08 9.9188578842422940e+23
32 1.5681310213325330e-08 2.2429671404997918e+21
33 1.5435408212917186e-08 3.4638511940816186e+22
34 1.4716098536577082e-08 1.2724106813752476e+23
35 1.4146977565569509e-08 5.3446643218999203e+23
36 1.3959555877043058e-08 1.2580592385448981e+23
37 1.3201111849897552e-08 4.8835171467811768e+23
38 1.2755705744763698e-08 1.1023946807364811e+24
39 1.2396822554449438e-08 1.7955696959063567e+24
