0 1.7116841044013255e-06 2.7495349103641273e+24
1 7.3767453844640977e-07 2.3735463445083072e+24
2 6.1217501006077390e-07 1.6660029133597687e+23
3 2.9041545848221042e-07 7.8227414406800825e+24
4 2.1662038101259694e-07 3.6820654307041274e+23
5 1.5786257876079556e-07 8.0580619636069065e+23
6 1.2378877091586471e-07 6.9612109352429194e+23
7 1.0941290807808053e-07 1.3920469358355599e+24
8 9.6898958211798212e-08 7.7754957067289694e+22
9 9.0626174224084462e-08 7.9422273691325635e+23
10 7.3371104733419501e-08 1.3975436521703744e+23
11 7.0260736481574208e-08 8.2516859900064774e+22
12 6.7937294751194507e-08 1.3800350862477094e+21
13 5.5732561654867803e-08 2.8823525125660811e+24
14 5.0612565359680916e-08 1.8951030862594148e+21
15 4.9005422128212012e-08 1.1162920817405265e+23
16 4.5868248856475608e-08 4.4082021287995939e+24
17 3.9513316949350464e-08 9.0699119310837601e+24
18 3.6962634338261020e-08 7.6669094424133538e+23
19 3.4677135066588357e-08 3.1235749648756566e+23
20 3.2942007370338975e-08 7.0575613494628287e+23
21 2.9880899932132765e-08 3.0665256156098836e+24
22 2.7672062580747330e-08 1.7638238638560919e+24
23 2.6847274241237475e-08 3.4318149140545579e+24
24 2.5006911768272593e-08 2.5667787358877745e+24
25 2.4169705937652230e-08 1.1260475228757489e+23
26 2.1744912840297400e-08 2.1912434515757041e+25
27 2.0787955886317875e-08 4.0598712630322853e+23
28 1.9864251350131080e-08 1.3411368676791408e+24
29 1.8686649166955697e-08 7.3835643970710558e+24
30 1.7845776581830559e-08 2.3133523309591756e+24
31 1.6738210532751399e-08 4.1478875167748579e+24
32 1.5681310213325330e-08 7.1300003833821242e+23
33 1.5435408212917186e-08 3.1301772655668081e+23
34 1.4716098536577082e-08 3.5346143367157455e+23
35 1.4146977565569509e-08 2.3090214699121122e+24
36 1.3959555877043058e-08 1.9683235611558130e+24
37 1.3201111849897552e-08 3.0096583521674741e+24
38 1.2755705744763698e-08 3.0794012269857089e+24
39 1.2396822554449438e-08 9.0405201710061009e+24
