0 1.7116841044013255e-06 1.3078624794112822e+23
1 7.3767453844640977e-07 1.2481041327598483e+23
2 6.1217501006077390e-07 1.6699079991817971e+22
3 2.9041545848221042e-07 5.7541618674414041e+22
4 2.1662038101259694e-07 9.2330588613226684e+22
5 1.5786257876079556e-07 8.9000664892217377e+19
6 1.2378877091586471e-07 4.3369548121012492e+22
7 1.0941290807808053e-07 1.2370748472864983e+22
8 9.6898958211798212e-08 1.9262502956140176e+23
9 9.0626174224084462e-08 2.6360867422360572e+22
10 7.3371104733419501e-08 3.0959690827697892e+21
11 7.0260736481574208e-08 6.6629046649329545e+22
12 6.7937294751194507e-08 2.2024943557647055e+21
13 5.5732561654867803e-08 1.0184540810606917e+23
14 5.0612565359680916e-08 1.0267538200941533e+22
15 4.9005422128212012e-08 4.1781831955807264e+22
16 4.5868248856475608e-08 5.4944862347753743e+23
17 3.9513316949350464e-08 2.7740826583659047e+23
18 3.6962634338261020e-08 8.5632645198221127e+22
19 3.4677135066588357e-08 2.7861678563202171e+19
20 3.2942007370338975e-08 2.9691266154225515e+21
21 2.9880899932132765e-08 6.6932708023496528e+22
22 2.7672062580747330e-08 6.3478938049455636e+22
23 2.6847274241237475e-08 4.8253146597680317e+22
24 2.5006911768272593e-08 3.4049285940635392e+23
25 2.4169705937652230e-08 3.6657860839842704e+22
26 2.1744912840297400e-08 7.0659453168596917e+23
27 2.0787955886317875e-08 4.0322640529552958e+22
28 1.9864251350131080e-08 2.0018639628740358e+21
29 1.8686649166955697e-08 3.3513679985154424e+23
30 1.7845776581830559e-08 2.2371767032444722e+22
31 1.6738210532751399e-08 1.5806782155947884e+23
32 1.5681310213325330e-08 1.7350422767395060e+22
33 1.5435408212917186e-08 3.3873816609415830e+20
34 1.4716098536577082e-08 2.0621274822685017e+22
35 1.4146977565569509e-08 6.4157422596169864e+22
36 1.3959555877043058e-08 6.3799575999524089e+21
37 1.3201111849897552e-08 5.5916491323465573e+22
38 1.2755705744763698e-08 2.8314324893518719e+23
39 1.2396822554449438e-08 2.4837797960698712e+23
