0 1.7116841044013255e-06 4.5163991882999716e+23
1 7.3767453844640977e-07 3.5613294711883174e+23
2 6.1217501006077390e-07 4.2872089653838166e+22
3 2.9041545848221042e-07 4.3658575582945513e+23
4 2.1662038101259694e-07 1.4287819110020771e+23
5 1.5786257876079556e-07 6.3403988299817649e+21
6 1.2378877091586471e-07 1.1886606563120156e+23
7 1.0941290807808053e-07 8.5042642186120523e+22
8 9.6898958211798212e-08 1.9981950675056135e+23
9 9.0626174224084462e-08 6.6870576714507300e+22
10 7.3371104733419501e-08 1.4369092289182581e+19
11 7.0260736481574208e-08 1.4259614690489034e+23
12 6.7937294751194507e-08 1.0786002370444617e+22
13 5.5732561654867803e-08 5.0001716312377095e+23
14 5.0612565359680916e-08 1.6727966938974455e+22
15 4.9005422128212012e-08 3.3325685585734177e+22
16 4.5868248856475608e-08 1.1854914044756287e+24
17 3.9513316949350464e-08 1.1522734857265346e+24
18 3.6962634338261020e-08 7.5909927341160984e+22
19 3.4677135066588357e-08 2.5932291146613501e+22
20 3.2942007370338975e-08 2.9007661043212200e+22
21 2.9880899932132765e-08 3.8506753009158755e+23
22 2.7672062580747330e-08 2.5928754685865653e+23
23 2.6847274241237475e-08 3.0067119246785861e+23
24 2.5006911768272593e-08 7.0355512350482827e+23
25 2.4169705937652230e-08 3.5651858026627099e+22
26 2.1744912840297400e-08 2.7254121348144455e+24
27 2.0787955886317875e-08 1.6082168952465546e+23
28 1.9864251350131080e-08 7.9871496525747832e+22
29 1.8686649166955697e-08 1.3563472882739454e+24
30 1.7845776581830559e-08 1.7436791976818906e+23
31 1.6738210532751399e-08 5.2972369444785526e+23
32 1.5681310213325330e-08 6.4435934400612726e+21
33 1.5435408212917186e-08 2.1826347599844950e+22
34 1.4716098536577082e-08 8.2973523009520737e+22
35 1.4146977565569509e-08 2.8438119422290049e+23
36 1.3959555877043058e-08 1.8434012065037684e+22
37 1.3201111849897552e-08 2.2400455269523787e+23
38 1.2755705744763698e-08 7.3285203753760074e+23
39 1.2396822554449438e-08 9.7660574570144763e+23
