0 1.7116841044013255e-06 2.0045929946270768e+23
1 7.3767453844640977e-07 1.8820874450406948e+23
2 6.1217501006077390e-07 2.0241604063673625e+22
3 2.9041545848221042e-07 1.1852495237562627e+23
4 2.1662038101259694e-07 1.2440479420679892e+23
5 1.5786257876079556e-07 1.9306747042747453e+20
6 1.2378877091586471e-07 5.6703030889169809e+22
7 1.0941290807808053e-07 2.5311151593969295e+22
8 9.6898958211798212e-08 2.2288774029169106e+23
9 9.0626174224084462e-08 3.5663927495078068e+22
10 7.3371104733419501e-08 1.6728818147216109e+21
11 7.0260736481574208e-08 9.0088296735878790e+22
12 6.7937294751194507e-08 4.7518659768735572e+21
13 5.5732561654867803e-08 1.9492799951473514e+23
14 5.0612565359680916e-08 1.2769255699996924e+22
15 4.9005422128212012e-08 4.4274132136778034e+22
16 4.5868248856475608e-08 7.2887704302826253e+23
17 3.9513316949350464e-08 4.5621376611508591e+23
18 3.6962634338261020e-08 9.5915750241068070e+22
19 3.4677135066588357e-08 9.6159028688146032e+20
20 3.2942007370338975e-08 1.6169327464495262e+21
21 2.9880899932132765e-08 1.1916143699857056e+23
22 2.7672062580747330e-08 1.0375496211985073e+23
23 2.6847274241237475e-08 8.9943949003983870e+22
24 2.5006911768272593e-08 4.7541271032489162e+23
25 2.4169705937652230e-08 4.2328603318199859e+22
26 2.1744912840297400e-08 1.1382518553909737e+24
27 2.0787955886317875e-08 6.0153736261015892e+22
28 1.9864251350131080e-08 1.3022941900567958e+20
29 1.8686649166955697e-08 5.6282462271152543e+23
30 1.7845776581830559e-08 5.2500422837576873e+22
31 1.6738210532751399e-08 2.4182130907540681e+23
32 1.5681310213325330e-08 1.5371552183528660e+22
33 1.5435408212917186e-08 5.3436630586631421e+21
34 1.4716098536577082e-08 3.2371242196635547e+22
35 1.4146977565569509e-08 9.9740172063459026e+22
36 1.3959555877043058e-08 1.5072425162625657e+21
37 1.3201111849897552e-08 9.5081779071133466e+22
38 1.2755705744763698e-08 3.9888529019061323e+23
39 1.2396822554449438e-08 4.1454692242769940e+23
