0 1.7116841044013255e-06 9.2422703690630180e+23
1 7.3767453844640977e-07 6.8255390081193379e+23
2 6.1217501006077390e-07 8.8143422737274555e+22
3 2.9041545848221042e-07 1.4158946790365252e+24
4 2.1662038101259694e-07 1.6986649598243968e+23
5 1.5786257876079556e-07 7.2870655369490907e+22
6 1.2378877091586471e-07 2.4192504870220977e+23
7 1.0941290807808053e-07 2.3046224731813306e+23
8 9.6898958211798212e-08 1.4266679097608089e+23
9 9.0626174224084462e-08 1.6354324124813603e+23
10 7.3371104733419501e-08 1.4109947635784792e+21
11 7.0260736481574208e-08 2.0710749427135719e+23
12 6.7937294751194507e-08 6.6234422726710169e+21
13 5.5732561654867803e-08 9.8805009800041596e+23
14 5.0612565359680916e-08 1.8222965653523812e+22
15 4.9005422128212012e-08 3.6375166477330582e+22
16 4.5868248856475608e-08 1.9090067070039101e+24
17 3.9513316949350464e-08 2.7053460869276906e+24
18 3.6962634338261020e-08 5.0993566634509169e+21
19 3.4677135066588357e-08 9.5587268771302701e+22
20 3.2942007370338975e-08 1.4594768992093952e+23
21 2.9880899932132765e-08 9.5016086916507207e+23
22 2.7672062580747330e-08 5.4701335820426244e+23
23 2.6847274241237475e-08 8.3705797064306602e+23
24 2.5006911768272593e-08 1.0098999127403229e+24
25 2.4169705937652230e-08 1.7713293600051895e+22
26 2.1744912840297400e-08 6.0967591312213643e+24
27 2.0787955886317875e-08 2.4540661155382316e+23
28 1.9864251350131080e-08 2.7770295291647392e+23
29 1.8686649166955697e-08 2.8364592775104872e+24
30 1.7845776581830559e-08 4.9483921762180467e+23
31 1.6738210532751399e-08 1.2209689798167915e+24
32 1.5681310213325330e-08 1.3511245571698725e+22
33 1.5435408212917186e-08 4.0353318832030947e+22
34 1.4716098536577082e-08 1.5037967120943671e+23
35 1.4146977565569509e-08 6.5530438514906703e+23
36 1.3959555877043058e-08 2.1318195691605968e+23
37 1.3201111849897552e-08 6.4781827183088890e+23
38 1.2755705744763698e-08 1.2780943106486144e+24
39 1.2396822554449438e-08 2.2264465530276605e+24
