0 1.7116841044013255e-06 1.4119488461356648e+24
1 7.3767453844640977e-07 1.0799907778662658e+24
2 6.1217501006077390e-07 1.1833374711783800e+23
3 2.9041545848221042e-07 2.7864755349376066e+24
4 2.1662038101259694e-07 2.1513064984668408e+23
5 1.5786257876079556e-07 2.0240839243749246e+23
6 1.2378877091586471e-07 3.5901425892961866e+23
7 1.0941290807808053e-07 4.5492066294220670e+23
8 9.6898958211798212e-08 5.1475302687888831e+22
9 9.0626174224084462e-08 2.9731195197439062e+23
10 7.3371104733419501e-08 1.1399097757710122e+22
11 7.0260736481574208e-08 2.1128345687947919e+23
12 6.7937294751194507e-08 4.0333497218497669e+21
13 5.5732561654867803e-08 1.5416106796329257e+24
14 5.0612565359680916e-08 1.1384747920576844e+22
15 4.9005422128212012e-08 5.0071640666456120e+22
16 4.5868248856475608e-08 2.6134890010456288e+24
17 3.9513316949350464e-08 4.4550113829670816e+24
18 3.6962634338261020e-08 3.0916058395602214e+22
19 3.4677135066588357e-08 1.6809019903687054e+23
20 3.2942007370338975e-08 2.7774612740364275e+23
21 2.9880899932132765e-08 1.5302580087736734e+24
22 2.7672062580747330e-08 8.5426717123536515e+23
23 2.6847274241237475e-08 1.4840146520703498e+24
24 2.5006911768272593e-08 1.4039280445336993e+24
25 2.4169705937652230e-08 8.1531193996321935e+20
26 2.1744912840297400e-08 9.8762182973753172e+24
27 2.0787955886317875e-08 3.1184157417917266e+23
28 1.9864251350131080e-08 5.5181090399395662e+23
29 1.8686649166955697e-08 4.2632078208679265e+24
30 1.7845776581830559e-08 9.4273604631284750e+23
31 1.6738210532751399e-08 1.9452244738198267e+24
32 1.5681310213325330e-08 9.8132405502435276e+22
33 1.5435408212917186e-08 8.7206395762719265e+22
34 1.4716098536577082e-08 2.1754555199758466e+23
35 1.4146977565569509e-08 1.0625926755458710e+24
36 1.3959555877043058e-08 5.7193072498332703e+23
37 1.3201111849897552e-08 1.1584909882122555e+24
38 1.2755705744763698e-08 1.7929912900661725e+24
39 1.2396822554449438e-08 3.8206898199085401e+24
