0 1.7116841044013255e-06 1.8086374677206557e+24
1 7.3767453844640977e-07 1.4458854570815088e+24
2 6.1217501006077390e-07 1.3745597939496055e+23
3 2.9041545848221042e-07 4.1132010600863935e+24
4 2.1662038101259694e-07 2.6179820224961405e+23
5 1.5786257876079556e-07 3.4892909460866075e+23
6 1.2378877091586471e-07 4.5850400438257277e+23
7 1.0941290807808053e-07 6.8550428761806899e+23
8 9.6898958211798212e-08 7.2166081435263283e+21
9 9.0626174224084462e-08 4.2960342967032482e+23
10 7.3371104733419501e-08 3.2302722304507707e+22
11 7.0260736481574208e-08 1.8604189834366588e+23
12 6.7937294751194507e-08 2.7897318864779587e+21
13 5.5732561654867803e-08 1.9795014090726919e+24
14 5.0612565359680916e-08 4.7035445396980918e+21
15 4.9005422128212012e-08 6.6301124429550417e+22
16 4.5868248856475608e-08 3.1866045789270478e+24
17 3.9513316949350464e-08 5.8843750534584997e+24
18 3.6962634338261020e-08 1.4824167179598683e+23
19 3.4677135066588357e-08 2.1743957269632514e+23
20 3.2942007370338975e-08 3.9772580684683821e+23
21 2.9880899932132765e-08 2.0040047461925777e+24
22 2.7672062580747330e-08 1.1179025798345888e+24
23 2.6847274241237475e-08 2.0406332655066985e+24
24 2.5006911768272593e-08 1.7506098016194945e+24
25 2.4169705937652230e-08 4.6283368941247901e+21
26 2.1744912840297400e-08 1.3258131103714302e+25
27 2.0787955886317875e-08 3.5025743404338939e+23
28 1.9864251350131080e-08 7.8593454160442110e+23
29 1.8686649166955697e-08 5.2903997120381908e+24
30 1.7845776581830559e-08 1.3478263351196431e+24
31 1.6738210532751399e-08 2.5836690207684381e+24
32 1.5681310213325330e-08 2.2380005319793650e+23
33 1.5435408212917186e-08 1.4346218547110093e+23
34 1.4716098536577082e-08 2.6885516047393359e+23
35 1.4146977565569509e-08 1.4233914418835663e+24
36 1.3959555877043058e-08 9.4500798083561192e+23
37 1.3201111849897552e-08 1.6258717777080894e+24
38 1.2755705744763698e-08 2.1911570248283192e+24
39 1.2396822554449438e-08 5.2649513503353378e+24
