0 1.7116841044013255e-06 5.1636811909856503e+23
1 7.3767453844640977e-07 4.0093987069349440e+23
2 6.1217501006077390e-07 4.9863850237908476e+22
3 2.9041545848221042e-07 5.4568760647940288e+23
4 2.1662038101259694e-07 1.5057139398718229e+23
5 1.5786257876079556e-07 1.1557865701679462e+22
6 1.2378877091586471e-07 1.3338664077466739e+23
7 1.0941290807808053e-07 9.9608273084332085e+22
8 9.6898958211798212e-08 2.0370762663008356e+23
9 9.0626174224084462e-08 7.8462136757423998e+22
10 7.3371104733419501e-08 2.3839221194214840e+18
11 7.0260736481574208e-08 1.5735386717315665e+23
12 6.7937294751194507e-08 1.0007254691562561e+22
13 5.5732561654867803e-08 5.6441107191548998e+23
14 5.0612565359680916e-08 1.7982562976524533e+22
15 4.9005422128212012e-08 3.4289589243858121e+22
16 4.5868248856475608e-08 1.2912573758326423e+24
17 3.9513316949350464e-08 1.3455136184661259e+24
18 3.6962634338261020e-08 6.3484575317021489e+22
19 3.4677135066588357e-08 3.3223832364525596e+22
20 3.2942007370338975e-08 4.1717859571388486e+22
21 2.9880899932132765e-08 4.5588870831683192e+23
22 2.7672062580747330e-08 2.9776317976593528e+23
23 2.6847274241237475e-08 3.6542748399062695e+23
24 2.5006911768272593e-08 7.5496229338909907e+23
25 2.4169705937652230e-08 3.4507209465540454e+22
26 2.1744912840297400e-08 3.1870847618339919e+24
27 2.0787955886317875e-08 1.7255710519323055e+23
28 1.9864251350131080e-08 9.8857807830041642e+22
29 1.8686649166955697e-08 1.5628719279526383e+24
30 1.7845776581830559e-08 2.1551302044910058e+23
31 1.6738210532751399e-08 6.2323661303269760e+23
32 1.5681310213325330e-08 2.1264672622296666e+21
33 1.5435408212917186e-08 2.2070677103450998e+22
34 1.4716098536577082e-08 9.3520944714781557e+22
35 1.4146977565569509e-08 3.3812899980006993e+23
36 1.3959555877043058e-08 3.2317881245917426e+22
37 1.3201111849897552e-08 2.7385182805576481e+23
38 1.2755705744763698e-08 8.1619538066612061e+23
39 1.2396822554449438e-08 1.1329432150106319e+24
