0 1.7116841044013255e-06 1.6075082586486913e+24
1 7.3767453844640977e-07 1.2730382823305868e+24
2 6.1217501006077390e-07 1.2554837246719578e+23
3 2.9041545848221042e-07 3.4183778388279896e+24
4 2.1662038101259694e-07 2.4867681927554490e+23
5 1.5786257876079556e-07 2.6948501090881081e+23
6 1.2378877091586471e-07 4.1247383169789679e+23
7 1.0941290807808053e-07 5.6944315703228384e+23
8 9.6898958211798212e-08 2.5640158631638088e+22
9 9.0626174224084462e-08 3.6162578623151531e+23
10 7.3371104733419501e-08 2.0718703497566591e+22
11 7.0260736481574208e-08 2.0236250743365079e+23
12 6.7937294751194507e-08 4.1240691823907926e+21
13 5.5732561654867803e-08 1.7781272887385564e+24
14 5.0612565359680916e-08 7.7488514036748035e+21
15 4.9005422128212012e-08 5.8757576576125612e+22
16 4.5868248856475608e-08 2.9083413149082902e+24
17 3.9513316949350464e-08 5.1683235359200967e+24
18 3.6962634338261020e-08 7.6473561471925029e+22
19 3.4677135066588357e-08 1.8868156085919779e+23
20 3.2942007370338975e-08 3.2544053878189567e+23
21 2.9880899932132765e-08 1.7488462820694059e+24
22 2.7672062580747330e-08 9.8001599208086570e+23
23 2.6847274241237475e-08 1.7565541983565802e+24
24 2.5006911768272593e-08 1.6039247224504625e+24
25 2.4169705937652230e-08 2.9306752654463179e+20
26 2.1744912840297400e-08 1.1517401301362742e+25
27 2.0787955886317875e-08 3.3564521471771426e+23
28 1.9864251350131080e-08 6.6909187684607648e+23
29 1.8686649166955697e-08 4.7878168587506192e+24
30 1.7845776581830559e-08 1.1387663556058145e+24
31 1.6738210532751399e-08 2.2728691803886328e+24
32 1.5681310213325330e-08 1.5284953630683831e+23
33 1.5435408212917186e-08 1.1796716076645750e+23
34 1.4716098536577082e-08 2.4291675469097659e+23
35 1.4146977565569509e-08 1.2351122440529292e+24
36 1.3959555877043058e-08 7.5225269943037279e+23
37 1.3201111849897552e-08 1.3812964767561655e+24
38 1.2755705744763698e-08 1.9815113101870436e+24
39 1.2396822554449438e-08 4.5519564285865362e+24
