0 1.7116841044013255e-06 1.4689704011015968e+23
1 7.3767453844640977e-07 1.4167372401114584e+23
2 6.1217501006077390e-07 1.7737234758141468e+22
3 2.9041545848221042e-07 7.0539555603770319e+22
4 2.1662038101259694e-07 1.0438726024261626e+23
5 1.5786257876079556e-07 1.0523612515207401e+19
6 1.2378877091586471e-07 4.5381824893795380e+22
7 1.0941290807808053e-07 1.4667378582606611e+22
8 9.6898958211798212e-08 2.0339119236670120e+23
9 9.0626174224084462e-08 2.9708064598277220e+22
10 7.3371104733419501e-08 2.9887742626726512e+21
11 7.0260736481574208e-08 7.4305171078099728e+22
12 6.7937294751194507e-08 2.9466333628234906e+21
13 5.5732561654867803e-08 1.2522518066763549e+23
14 5.0612565359680916e-08 1.0878588645098700e+22
15 4.9005422128212012e-08 4.4698666573427408e+22
16 4.5868248856475608e-08 6.0227014626562304e+23
17 3.9513316949350464e-08 3.1994722748804196e+23
18 3.6962634338261020e-08 8.8827463515507459e+22
19 3.4677135066588357e-08 4.8479579906047877e+19
20 3.2942007370338975e-08 4.6780486701438075e+21
21 2.9880899932132765e-08 7.5451621741295995e+22
22 2.7672062580747330e-08 7.0697989591486918e+22
23 2.6847274241237475e-08 5.7127713969753131e+22
24 2.5006911768272593e-08 3.8962422868197065e+23
25 2.4169705937652230e-08 3.7815971245421295e+22
26 2.1744912840297400e-08 7.9544598200080415e+23
27 2.0787955886317875e-08 4.3335156561586130e+22
28 1.9864251350131080e-08 1.5204976738321915e+21
29 1.8686649166955697e-08 3.9641120156307919e+23
30 1.7845776581830559e-08 3.1750106096033686e+22
31 1.6738210532751399e-08 1.7700446965844899e+23
32 1.5681310213325330e-08 1.5473472960078367e+22
33 1.5435408212917186e-08 1.0710314296101981e+21
34 1.4716098536577082e-08 2.3618497758576337e+22
35 1.4146977565569509e-08 7.1827450894374933e+22
36 1.3959555877043058e-08 5.4361964874082843e+21
37 1.3201111849897552e-08 6.2600428072949516e+22
38 1.2755705744763698e-08 3.1565813091990303e+23
39 1.2396822554449438e-08 2.8972700066126092e+23
