0 1.7116841044013255e-06 3.4384012323001778e+23
1 7.3767453844640977e-07 2.9187810405003779e+23
2 6.1217501006077390e-07 3.4080325043423302e+22
3 2.9041545848221042e-07 2.9055343453597006e+23
4 2.1662038101259694e-07 1.4761631328880064e+23
5 1.5786257876079556e-07 3.4578866354190423e+21
6 1.2378877091586471e-07 9.3031517764870558e+22
7 1.0941290807808053e-07 5.3072654676984869e+22
8 9.6898958211798212e-08 2.4495783899731377e+23
9 9.0626174224084462e-08 5.8519638997084641e+22
10 7.3371104733419501e-08 5.6749909810823109e+20
11 7.0260736481574208e-08 1.3094870285878418e+23
12 6.7937294751194507e-08 8.4044102400425612e+21
13 5.5732561654867803e-08 3.5080774673191864e+23
14 5.0612565359680916e-08 1.6622577576666684e+22
15 4.9005422128212012e-08 4.0254594763751900e+22
16 4.5868248856475608e-08 1.0212670158974696e+24
17 3.9513316949350464e-08 8.3973467599960092e+23
18 3.6962634338261020e-08 8.2252086348065620e+22
19 3.4677135066588357e-08 1.0200965831060466e+22
20 3.2942007370338975e-08 2.9128672607837907e+21
21 2.9880899932132765e-08 2.5877976292539957e+23
22 2.7672062580747330e-08 1.9276502292735147e+23
23 2.6847274241237475e-08 2.0401407338478542e+23
24 2.5006911768272593e-08 6.3138274001960301e+23
25 2.4169705937652230e-08 4.0621865321864609e+22
26 2.1744912840297400e-08 2.0689796005636279e+24
27 2.0787955886317875e-08 1.0203772175149651e+23
28 1.9864251350131080e-08 2.0701530896224651e+22
29 1.8686649166955697e-08 1.0270549527528575e+24
30 1.7845776581830559e-08 1.1229709291141603e+23
31 1.6738210532751399e-08 4.2636669756932624e+23
32 1.5681310213325330e-08 6.5906633609966655e+21
33 1.5435408212917186e-08 1.1269712279321266e+22
34 1.4716098536577082e-08 6.0805423808471500e+22
35 1.4146977565569509e-08 1.9920292576063551e+23
36 1.3959555877043058e-08 4.0656051272989755e+21
37 1.3201111849897552e-08 1.7163684403559163e+23
38 1.2755705744763698e-08 6.1347130787963628e+23
39 1.2396822554449438e-08 7.4764623101862938e+23
