0 1.7116841044013255e-06 3.9438068997569012e+23
1 7.3767453844640977e-07 3.1539955599040942e+23
2 6.1217501006077390e-07 3.7897880654465651e+22
3 2.9041545848221042e-07 3.5266421474733758e+23
4 2.1662038101259694e-07 1.3852437845225831e+23
5 1.5786257876079556e-07 3.9363270013562755e+21
6 1.2378877091586471e-07 1.0375361701975759e+23
7 1.0941290807808053e-07 6.8038291227679950e+22
8 9.6898958211798212e-08 2.1140293356995655e+23
9 9.0626174224084462e-08 5.9882379793092324e+22
10 7.3371104733419501e-08 6.5407542993732270e+18
11 7.0260736481574208e-08 1.3257141060192097e+23
12 6.7937294751194507e-08 1.0481643314765927e+22
13 5.5732561654867803e-08 4.2367567926049437e+23
14 5.0612565359680916e-08 1.5999557269051926e+22
15 4.9005422128212012e-08 3.4007979709223213e+22
16 4.5868248856475608e-08 1.0873593443659461e+24
17 3.9513316949350464e-08 9.8073600451931726e+23
18 3.6962634338261020e-08 8.0441639440239672e+22
19 3.4677135066588357e-08 1.8942229091700047e+22
20 3.2942007370338975e-08 1.5552266534674730e+22
21 2.9880899932132765e-08 3.2234297282155050e+23
22 2.7672062580747330e-08 2.2704493609494873e+23
23 2.6847274241237475e-08 2.4764143306022099e+23
24 2.5006911768272593e-08 6.5725094770849978e+23
25 2.4169705937652230e-08 3.7438924560487907e+22
26 2.1744912840297400e-08 2.3598718424509482e+24
27 2.0787955886317875e-08 1.3587680093660793e+23
28 1.9864251350131080e-08 5.0679303527019978e+22
29 1.8686649166955697e-08 1.1766114528379798e+24
30 1.7845776581830559e-08 1.3958421103006193e+23
31 1.6738210532751399e-08 4.6134072269709019e+23
32 1.5681310213325330e-08 8.0383177404589204e+21
33 1.5435408212917186e-08 1.7344830356916714e+22
34 1.4716098536577082e-08 7.1075906938581859e+22
35 1.4146977565569509e-08 2.3643570354957396e+23
36 1.3959555877043058e-08 8.8532300048252388e+21
37 1.3201111849897552e-08 1.9389747477294551e+23
38 1.2755705744763698e-08 6.6640663669323225e+23
39 1.2396822554449438e-08 8.4125175911580797e+23
