0 1.7116841044013255e-06 2.6908838846115511e+24
1 7.3767453844640977e-07 2.3054658196167838e+24
2 6.1217501006077390e-07 1.6614187570550115e+23
3 2.9041545848221042e-07 7.5686064946218595e+24
4 2.1662038101259694e-07 3.5690794189876768e+23
5 1.5786257876079556e-07 7.7330635024051176e+23
6 1.2378877091586471e-07 6.7903639768974322e+23
7 1.0941290807808053e-07 1.3382018576414843e+24
8 9.6898958211798212e-08 6.6027603209607702e+22
9 9.0626174224084462e-08 7.6815117997296869e+23
10 7.3371104733419501e-08 1.2920707102034260e+23
11 7.0260736481574208e-08 8.9131890994972109e+22
12 6.7937294751194507e-08 1.2305485120861034e+21
13 5.5732561654867803e-08 2.8267076246873408e+24
14 5.0612565359680916e-08 1.3091185172858067e+21
15 4.9005422128212012e-08 1.0845853028058944e+23
16 4.5868248856475608e-08 4.3304037990257278e+24
17 3.9513316949350464e-08 8.8809545626553054e+24
18 3.6962634338261020e-08 7.1298736371023108e+23
19 3.4677135066588357e-08 3.0929807699251580e+23
20 3.2942007370338975e-08 6.9058629550040961e+23
21 2.9880899932132765e-08 3.0044669648001753e+24
22 2.7672062580747330e-08 1.7217614877463692e+24
23 2.6847274241237475e-08 3.3424786588927095e+24
24 2.5006911768272593e-08 2.5045295713853043e+24
25 2.4169705937652230e-08 1.0070241468512827e+23
26 2.1744912840297400e-08 2.1335768478883508e+25
27 2.0787955886317875e-08 4.0134244717681295e+23
28 1.9864251350131080e-08 1.3066089854663673e+24
29 1.8686649166955697e-08 7.2665046794069618e+24
30 1.7845776581830559e-08 2.2568992725481289e+24
31 1.6738210532751399e-08 4.0396681509948593e+24
32 1.5681310213325330e-08 6.7414050603022361e+23
33 1.5435408212917186e-08 2.9852057440377540e+23
34 1.4716098536577082e-08 3.4985271739098240e+23
35 1.4146977565569509e-08 2.2510770628850479e+24
36 1.3959555877043058e-08 1.8981170335567564e+24
37 1.3201111849897552e-08 2.9188824440040396e+24
38 1.2755705744763698e-08 3.0253706741349215e+24
39 1.2396822554449438e-08 8.7828077447469973e+24
