0 1.7116841044013255e-06 9.6464596140790166e+23
1 7.3767453844640977e-07 7.1018904036400835e+23
2 6.1217501006077390e-07 9.1935104824713434e+22
3 2.9041545848221042e-07 1.5167621000418014e+24
4 2.1662038101259694e-07 1.6900816307487727e+23
5 1.5786257876079556e-07 8.2018552381729994e+22
6 1.2378877091586471e-07 2.5596200255828561e+23
7 1.0941290807808053e-07 2.4735471196733441e+23
8 9.6898958211798212e-08 1.3311693436644472e+23
9 9.0626174224084462e-08 1.7197820181227702e+23
10 7.3371104733419501e-08 1.7264429476396555e+21
11 7.0260736481574208e-08 2.0762869322256668e+23
12 6.7937294751194507e-08 6.2577047503786811e+21
13 5.5732561654867803e-08 1.0273431767806753e+24
14 5.0612565359680916e-08 1.7860801612134996e+22
15 4.9005422128212012e-08 3.6076273391707378e+22
16 4.5868248856475608e-08 1.9672689161133707e+24
17 3.9513316949350464e-08 2.8486395301135647e+24
18 3.6962634338261020e-08 2.7366895888407006e+21
19 3.4677135066588357e-08 1.0245406545300823e+23
20 3.2942007370338975e-08 1.6066498485185280e+23
21 2.9880899932132765e-08 1.0057450931622299e+24
22 2.7672062580747330e-08 5.7091356843527795e+23
23 2.6847274241237475e-08 8.8933531731884939e+23
24 2.5006911768272593e-08 1.0245037942282966e+24
25 2.4169705937652230e-08 1.5336325472240095e+22
26 2.1744912840297400e-08 6.3761601283226572e+24
27 2.0787955886317875e-08 2.5455826354959964e+23
28 1.9864251350131080e-08 2.9864459066216485e+23
29 1.8686649166955697e-08 2.9589116251336392e+24
30 1.7845776581830559e-08 5.1884229535607629e+23
31 1.6738210532751399e-08 1.2873703233059330e+24
32 1.5681310213325330e-08 1.6228090116628273e+22
33 1.5435408212917186e-08 4.2737702142324446e+22
34 1.4716098536577082e-08 1.5489047242787820e+23
35 1.4146977565569509e-08 6.9059639311871174e+23
36 1.3959555877043058e-08 2.4191861697923877e+23
37 1.3201111849897552e-08 6.9086707248796944e+23
38 1.2755705744763698e-08 1.3180706679127914e+24
39 1.2396822554449438e-08 2.3489110362304009e+24
