0 1.7116841044013255e-06 4.2252575943952836e+23
1 7.3767453844640977e-07 3.3778563535828015e+23
2 6.1217501006077390e-07 4.0470816006682570e+22
3 2.9041545848221042e-07 3.9391255305123432e+23
4 2.1662038101259694e-07 1.4366066640856166e+23
5 1.5786257876079556e-07 5.1522910667518824e+21
6 1.2378877091586471e-07 1.1113839306935111e+23
7 1.0941290807808053e-07 7.6803421894337758e+22
8 9.6898958211798212e-08 2.0716868486656691e+23
9 9.0626174224084462e-08 6.3712810716674667e+22
10 7.3371104733419501e-08 1.6537561714152013e+18
11 7.0260736481574208e-08 1.3795264129013283e+23
12 6.7937294751194507e-08 1.1459919431019331e+22
13 5.5732561654867803e-08 4.6429879045351370e+23
14 5.0612565359680916e-08 1.6486274910463239e+22
15 4.9005422128212012e-08 3.3687598493750931e+22
16 4.5868248856475608e-08 1.1448810632182954e+24
17 3.9513316949350464e-08 1.0662013679901240e+24
18 3.6962634338261020e-08 7.7687800697266855e+22
19 3.4677135066588357e-08 2.1672911664363195e+22
20 3.2942007370338975e-08 2.0814846079350964e+22
21 2.9880899932132765e-08 3.5643823675661643e+23
22 2.7672062580747330e-08 2.4502239550216587e+23
23 2.6847274241237475e-08 2.7121816107402461e+23
24 2.5006911768272593e-08 6.9103523421900532e+23
25 2.4169705937652230e-08 3.6557754148285542e+22
26 2.1744912840297400e-08 2.5479697621324181e+24
27 2.0787955886317875e-08 1.4760196694764335e+23
28 1.9864251350131080e-08 6.4052288566468830e+22
29 1.8686649166955697e-08 1.2639798698293864e+24
30 1.7845776581830559e-08 1.5547852837592226e+23
31 1.6738210532751399e-08 4.9930063098795013e+23
32 1.5681310213325330e-08 7.3591073196978303e+21
33 1.5435408212917186e-08 1.9985764415013680e+22
34 1.4716098536577082e-08 7.7972721765465566e+22
35 1.4146977565569509e-08 2.6070747312735309e+23
36 1.3959555877043058e-08 1.3452358552096397e+22
37 1.3201111849897552e-08 2.0441046791900583e+23
38 1.2755705744763698e-08 7.0171457457532405e+23
39 1.2396822554449438e-08 9.1001585529642887e+23
