0 1.7116841044013255e-06 7.2229345159379409e+22
1 7.3767453844640977e-07 7.2314926486966929e+22
2 6.1217501006077390e-07 1.0113290495585430e+22
3 2.9041545848221042e-07 1.9623636889871319e+22
4 2.1662038101259694e-07 6.3418292771522674e+22
5 1.5786257876079556e-07 7.3251420243620017e+20
6 1.2378877091586471e-07 2.7104435722793398e+22
7 1.0941290807808053e-07 5.4309369204821899e+21
8 9.6898958211798212e-08 1.3948539490337071e+23
9 9.0626174224084462e-08 1.6761754248927555e+22
10 7.3371104733419501e-08 4.2963989216715012e+21
11 7.0260736481574208e-08 3.7815211732871357e+22
12 6.7937294751194507e-08 1.0253382773462991e+21
13 5.5732561654867803e-08 4.6488459033861056e+22
14 5.0612565359680916e-08 6.4804504006076200e+21
15 4.9005422128212012e-08 3.3758799829283518e+22
16 4.5868248856475608e-08 3.7390355142269766e+23
17 3.9513316949350464e-08 1.4695590914643723e+23
18 3.6962634338261020e-08 6.4383147454213132e+22
19 3.4677135066588357e-08 5.2854600455152337e+20
20 3.2942007370338975e-08 8.0262492361534671e+21
21 2.9880899932132765e-08 3.0982477900153725e+22
22 2.7672062580747330e-08 3.1898115554985527e+22
23 2.6847274241237475e-08 1.9889434083886388e+22
24 2.5006911768272593e-08 2.2271825107858260e+23
25 2.4169705937652230e-08 2.5077043714009099e+22
26 2.1744912840297400e-08 3.4934531098936574e+23
27 2.0787955886317875e-08 2.1476943003995892e+22
28 1.9864251350131080e-08 8.7144837691568460e+21
29 1.8686649166955697e-08 1.6270354045238334e+23
30 1.7845776581830559e-08 7.4767670235540803e+21
31 1.6738210532751399e-08 8.8994020371779839e+22
32 1.5681310213325330e-08 2.0839681856057912e+22
33 1.5435408212917186e-08 1.2885406316788992e+19
34 1.4716098536577082e-08 9.4025507065172119e+21
35 1.4146977565569509e-08 2.9560089289678240e+22
36 1.3959555877043058e-08 1.2412866006993265e+22
37 1.3201111849897552e-08 3.0737274066325463e+22
38 1.2755705744763698e-08 1.7549892034953569e+23
39 1.2396822554449438e-08 1.2048302823944432e+23
