0 1.7116841044013255e-06 2.4055289838516846e+24
1 7.3767453844640977e-07 2.0380771717734389e+24
2 6.1217501006077390e-07 1.5641600137197298e+23
3 2.9041545848221042e-07 6.3817502695536819e+24
4 2.1662038101259694e-07 3.3580552027116705e+23
5 1.5786257876079556e-07 6.2337287758204389e+23
6 1.2378877091586471e-07 6.1835907817688460e+23
7 1.0941290807808053e-07 1.1164681637587940e+24
8 9.6898958211798212e-08 2.0254470437584234e+22
9 9.0626174224084462e-08 6.5326979758713679e+23
10 7.3371104733419501e-08 9.1203712469513288e+22
11 7.0260736481574208e-08 1.2199500119686957e+23
12 6.7937294751194507e-08 2.2153628932270604e+21
13 5.5732561654867803e-08 2.5881260634775326e+24
14 5.0612565359680916e-08 3.1805252301597942e+18
15 4.9005422128212012e-08 9.3131285807818533e+22
16 4.5868248856475608e-08 4.0024767599180062e+24
17 3.9513316949350464e-08 7.9549274393847325e+24
18 3.6962634338261020e-08 4.8406716529759074e+23
19 3.4677135066588357e-08 2.7860746307474661e+23
20 3.2942007370338975e-08 5.8952283881474822e+23
21 2.9880899932132765e-08 2.6941350546406580e+24
22 2.7672062580747330e-08 1.5269895645419293e+24
23 2.6847274241237475e-08 2.9127184149064327e+24
24 2.5006911768272593e-08 2.2892030410840081e+24
25 2.4169705937652230e-08 5.5228443067261940e+22
26 2.1744912840297400e-08 1.8652439199357432e+25
27 2.0787955886317875e-08 3.9423032780022053e+23
28 1.9864251350131080e-08 1.1414140722006496e+24
29 1.8686649166955697e-08 6.6740792944039479e+24
30 1.7845776581830559e-08 1.9459720952904125e+24
31 1.6738210532751399e-08 3.6085323435855560e+24
32 1.5681310213325330e-08 4.9535823629889945e+23
33 1.5435408212917186e-08 2.4899650943474735e+23
34 1.4716098536577082e-08 3.2893269303038122e+23
35 1.4146977565569509e-08 1.9876556556914682e+24
36 1.3959555877043058e-08 1.5840692756854908e+24
37 1.3201111849897552e-08 2.4497127002483733e+24
38 1.2755705744763698e-08 2.7531724260153207e+24
39 1.2396822554449438e-08 7.6471226614652823e+24
