0 1.7116841044013255e-06 1.0484627444551091e+24
1 7.3767453844640977e-07 7.9172083755644766e+23
2 6.1217501006077390e-07 9.5574823695387372e+22
3 2.9041545848221042e-07 1.7353480369999810e+24
4 2.1662038101259694e-07 1.8706870261571759e+23
5 1.5786257876079556e-07 1.0102839573562600e+23
6 1.2378877091586471e-07 2.8149701387860292e+23
7 1.0941290807808053e-07 2.8851468535421283e+23
8 9.6898958211798212e-08 1.1686263362644014e+23
9 9.0626174224084462e-08 1.9552984698275027e+23
10 7.3371104733419501e-08 3.1154880737032845e+21
11 7.0260736481574208e-08 2.1214816952334174e+23
12 6.7937294751194507e-08 7.2847769170874236e+21
13 5.5732561654867803e-08 1.1414163648134144e+24
14 5.0612565359680916e-08 1.6360601620103008e+22
15 4.9005422128212012e-08 3.8130263916578209e+22
16 4.5868248856475608e-08 2.1255677232394619e+24
17 3.9513316949350464e-08 3.1557049820813174e+24
18 3.6962634338261020e-08 1.4692878734270446e+20
19 3.4677135066588357e-08 1.1115844976656450e+23
20 3.2942007370338975e-08 1.7823571762516749e+23
21 2.9880899932132765e-08 1.1120801182763164e+24
22 2.7672062580747330e-08 6.2922289565015897e+23
23 2.6847274241237475e-08 9.9150296100416812e+23
24 2.5006911768272593e-08 1.1273754717461298e+24
25 2.4169705937652230e-08 1.1354205078337180e+22
26 2.1744912840297400e-08 7.0308566217681231e+24
27 2.0787955886317875e-08 2.7061708300670644e+23
28 1.9864251350131080e-08 3.4626279595107546e+23
29 1.8686649166955697e-08 3.2162570175746378e+24
30 1.7845776581830559e-08 5.8923943546196826e+23
31 1.6738210532751399e-08 1.4349965477219209e+24
32 1.5681310213325330e-08 2.3761105802057350e+22
33 1.5435408212917186e-08 5.4711941233931289e+22
34 1.4716098536577082e-08 1.6930435717616551e+23
35 1.4146977565569509e-08 7.6009732647703483e+23
36 1.3959555877043058e-08 2.9788746687395104e+23
37 1.3201111849897552e-08 7.5944932970461304e+23
38 1.2755705744763698e-08 1.4070994363026011e+24
39 1.2396822554449438e-08 2.6304954923798046e+24
