0 1.7116841044013255e-06 2.2529766339638223e+22
1 7.3767453844640977e-07 1.9059347881808527e+22
2 6.1217501006077390e-07 3.3583627705429247e+21
3 2.9041545848221042e-07 2.0554825915878982e+21
4 2.1662038101259694e-07 1.9848366010191279e+22
5 1.5786257876079556e-07 1.7612078933778555e+21
6 1.2378877091586471e-07 7.1558327720926165e+21
7 1.0941290807808053e-07 4.4170359149443914e+20
8 9.6898958211798212e-08 6.3270700453199981e+22
9 9.0626174224084462e-08 6.3422040216344650e+21
10 7.3371104733419501e-08 2.0065414333798773e+21
11 7.0260736481574208e-08 1.0794034250167865e+22
12 6.7937294751194507e-08 2.6895797642011533e+17
13 5.5732561654867803e-08 4.8616538493505388e+21
14 5.0612565359680916e-08 2.3849568650572758e+21
15 4.9005422128212012e-08 1.8639095343596194e+22
16 4.5868248856475608e-08 1.3229741255094601e+23
17 3.9513316949350464e-08 3.7689396316746971e+22
18 3.6962634338261020e-08 2.0289039839606700e+22
19 3.4677135066588357e-08 3.9494793559762870e+19
20 3.2942007370338975e-08 5.2971810476567487e+21
21 2.9880899932132765e-08 7.3191216368585047e+21
22 2.7672062580747330e-08 1.0924570384180263e+22
23 2.6847274241237475e-08 5.2839490647401725e+21
24 2.5006911768272593e-08 5.7036416540132390e+22
25 2.4169705937652230e-08 8.2348923961254294e+21
26 2.1744912840297400e-08 1.0000042848728641e+23
27 2.0787955886317875e-08 4.1379729660506381e+21
28 1.9864251350131080e-08 1.2847064717985961e+22
29 1.8686649166955697e-08 3.8217521897275065e+22
30 1.7845776581830559e-08 3.5162554479642096e+20
31 1.6738210532751399e-08 1.8394694658409001e+22
32 1.5681310213325330e-08 7.0505126085900957e+21
33 1.5435408212917186e-08 9.6213906640303148e+20
34 1.4716098536577082e-08 1.5501898999830471e+21
35 1.4146977565569509e-08 5.3585274229085323e+21
36 1.3959555877043058e-08 1.5528256959167318e+22
37 1.3201111849897552e-08 1.4530059410036088e+22
38 1.2755705744763698e-08 6.5870916250614710e+22
39 1.2396822554449438e-08 2.5982775739851404e+22
