0 1.7116841044013255e-06 2.3483920567628426e+24
1 7.3767453844640977e-07 1.9702303285890234e+24
2 6.1217501006077390e-07 1.5646795955634335e+23
3 2.9041545848221042e-07 6.1527307410027510e+24
4 2.1662038101259694e-07 3.2234453666997035e+23
5 1.5786257876079556e-07 5.9547312025984548e+23
6 1.2378877091586471e-07 6.0154395130761972e+23
7 1.0941290807808053e-07 1.0667562053709197e+24
8 9.6898958211798212e-08 1.4810721306384888e+22
9 9.0626174224084462e-08 6.2895950471907915e+23
10 7.3371104733419501e-08 8.2791873759459620e+22
11 7.0260736481574208e-08 1.2842513047831716e+23
12 6.7937294751194507e-08 1.8755858428826639e+21
13 5.5732561654867803e-08 2.5230895602883868e+24
14 5.0612565359680916e-08 3.5252247752166896e+19
15 4.9005422128212012e-08 8.9879927762015736e+22
16 4.5868248856475608e-08 3.9183240078776355e+24
17 3.9513316949350464e-08 7.7596999028999886e+24
18 3.6962634338261020e-08 4.4437520955049792e+23
19 3.4677135066588357e-08 2.7552334376573557e+23
20 3.2942007370338975e-08 5.7386219495004017e+23
21 2.9880899932132765e-08 2.6273779634041602e+24
22 2.7672062580747330e-08 1.4828774409985160e+24
23 2.6847274241237475e-08 2.8308724050006420e+24
24 2.5006911768272593e-08 2.2203953305961003e+24
25 2.4169705937652230e-08 4.7505284753908119e+22
26 2.1744912840297400e-08 1.8099990137462057e+25
27 2.0787955886317875e-08 3.8863562568101095e+23
28 1.9864251350131080e-08 1.1067170475113708e+24
29 1.8686649166955697e-08 6.5444997595720395e+24
30 1.7845776581830559e-08 1.8887844017492118e+24
31 1.6738210532751399e-08 3.4974460811421512e+24
32 1.5681310213325330e-08 4.6556643906829595e+23
33 1.5435408212917186e-08 2.3540206181505743e+23
34 1.4716098536577082e-08 3.2251822809236491e+23
35 1.4146977565569509e-08 1.9355493221083780e+24
36 1.3959555877043058e-08 1.5206163771744558e+24
37 1.3201111849897552e-08 2.3722271615469799e+24
38 1.2755705744763698e-08 2.6979274557534870e+24
39 1.2396822554449438e-08 7.3866516801281202e+24
