0 1.7116841044013255e-06 3.1614753192736317e+23
1 7.3767453844640977e-07 2.7597345791654003e+23
2 6.1217501006077390e-07 3.0745007762091247e+22
3 2.9041545848221042e-07 2.5270772243307013e+23
4 2.1662038101259694e-07 1.4791847257540956e+23
5 1.5786257876079556e-07 2.3429580198270832e+21
6 1.2378877091586471e-07 8.4897158767967426e+22
7 1.0941290807808053e-07 4.8812532270765607e+22
8 9.6898958211798212e-08 2.4123912542597882e+23
9 9.0626174224084462e-08 5.3818735705878637e+22
10 7.3371104733419501e-08 6.1799333480793506e+20
11 7.0260736481574208e-08 1.2361652343396883e+23
12 6.7937294751194507e-08 8.0667181619881548e+21
13 5.5732561654867803e-08 3.2844635518023387e+23
14 5.0612565359680916e-08 1.5807652234004397e+22
15 4.9005422128212012e-08 4.0615980768587088e+22
16 4.5868248856475608e-08 9.7366662715953021e+23
17 3.9513316949350464e-08 7.6482369039230287e+23
18 3.6962634338261020e-08 8.7903310582699698e+22
19 3.4677135066588357e-08 7.2733730590814886e+21
20 3.2942007370338975e-08 1.3294833054122542e+21
21 2.9880899932132765e-08 2.3053686176551845e+23
22 2.7672062580747330e-08 1.7679344496540324e+23
23 2.6847274241237475e-08 1.7916455357841303e+23
24 2.5006911768272593e-08 6.1727725833041467e+23
25 2.4169705937652230e-08 4.1928325256336682e+22
26 2.1744912840297400e-08 1.8928658500632768e+24
27 2.0787955886317875e-08 9.6373695126614149e+22
28 1.9864251350131080e-08 1.6135947426248943e+22
29 1.8686649166955697e-08 9.3238417340829599e+23
30 1.7845776581830559e-08 1.0158159114605373e+23
31 1.6738210532751399e-08 3.8917026896147122e+23
32 1.5681310213325330e-08 9.1062338574362954e+21
33 1.5435408212917186e-08 1.2160839041628320e+22
34 1.4716098536577082e-08 5.6371699603740903e+22
35 1.4146977565569509e-08 1.7779430253270619e+23
36 1.3959555877043058e-08 1.9638688426316068e+21
37 1.3201111849897552e-08 1.5425200286348498e+23
38 1.2755705744763698e-08 5.7124958400044171e+23
39 1.2396822554449438e-08 6.8383754528365170e+23
