0 1.7116841044013255e-06 8.5123727864300715e+22
1 7.3767453844640977e-07 8.2420189321005741e+22
2 6.1217501006077390e-07 1.1832346950918568e+22
3 2.9041545848221042e-07 2.6330957042808301e+22
4 2.1662038101259694e-07 6.8782342805874702e+22
5 1.5786257876079556e-07 6.0220337938235929e+20
6 1.2378877091586471e-07 2.9661435154230474e+22
7 1.0941290807808053e-07 6.6712619043572962e+21
8 9.6898958211798212e-08 1.5326420646200261e+23
9 9.0626174224084462e-08 1.8423402515167070e+22
10 7.3371104733419501e-08 3.8485540374853027e+21
11 7.0260736481574208e-08 4.3823847284113116e+22
12 6.7937294751194507e-08 1.1379121859904033e+21
13 5.5732561654867803e-08 5.6765444951410039e+22
14 5.0612565359680916e-08 7.7092554341739324e+21
15 4.9005422128212012e-08 3.5804096068645621e+22
16 4.5868248856475608e-08 4.0946597240663261e+23
17 3.9513316949350464e-08 1.7377565620077840e+23
18 3.6962634338261020e-08 7.0531914441191911e+22
19 3.4677135066588357e-08 2.3910429320712267e+20
20 3.2942007370338975e-08 5.9537886694251828e+21
21 2.9880899932132765e-08 3.8643398390840161e+22
22 2.7672062580747330e-08 3.8848394518838701e+22
23 2.6847274241237475e-08 2.5378684220867281e+22
24 2.5006911768272593e-08 2.4450565805399205e+23
25 2.4169705937652230e-08 2.8119577968383715e+22
26 2.1744912840297400e-08 4.2667047982069447e+23
27 2.0787955886317875e-08 2.5517659837748960e+22
28 1.9864251350131080e-08 6.9617166371116884e+21
29 1.8686649166955697e-08 1.9805564216175075e+23
30 1.7845776581830559e-08 1.0727336603768735e+22
31 1.6738210532751399e-08 1.0185032906916278e+23
32 1.5681310213325330e-08 1.9119890296369047e+22
33 1.5435408212917186e-08 8.1168428653877627e+18
34 1.4716098536577082e-08 1.1876536974164449e+22
35 1.4146977565569509e-08 3.6271799941596168e+22
36 1.3959555877043058e-08 1.1534684768089395e+22
37 1.3201111849897552e-08 3.6953708135739292e+22
38 1.2755705744763698e-08 2.0156464462819005e+23
39 1.2396822554449438e-08 1.4521706280172830e+23
