0 1.7116841044013255e-06 2.5191396497840121e+24
1 7.3767453844640977e-07 2.1435147521638579e+24
2 6.1217501006077390e-07 1.6078962089045467e+23
3 2.9041545848221042e-07 6.8464387050175003e+24
4 2.1662038101259694e-07 3.4319887465096864e+23
5 1.5786257876079556e-07 6.8240830680336097e+23
6 1.2378877091586471e-07 6.4453844476443823e+23
7 1.0941290807808053e-07 1.2034992102799141e+24
8 9.6898958211798212e-08 3.5184539377075287e+22
9 9.0626174224084462e-08 6.9713182151745534e+23
10 7.3371104733419501e-08 1.0488455586091471e+23
11 7.0260736481574208e-08 1.0836293045813334e+23
12 6.7937294751194507e-08 1.7441484095754134e+21
13 5.5732561654867803e-08 2.6832312656111145e+24
14 5.0612565359680916e-08 2.4278905924412057e+20
15 4.9005422128212012e-08 9.8049290243697581e+22
16 4.5868248856475608e-08 4.1341288354903712e+24
17 3.9513316949350464e-08 8.3267075467571888e+24
18 3.6962634338261020e-08 5.6928470890500126e+23
19 3.4677135066588357e-08 2.9090224779671074e+23
20 3.2942007370338975e-08 6.3035949986868193e+23
21 2.9880899932132765e-08 2.8208552372953211e+24
22 2.7672062580747330e-08 1.6038107286857791e+24
23 2.6847274241237475e-08 3.0835236452477678e+24
24 2.5006911768272593e-08 2.3705056633202348e+24
25 2.4169705937652230e-08 7.1411153797698713e+22
26 2.1744912840297400e-08 1.9704182645518569e+25
27 2.0787955886317875e-08 3.9691767646891317e+23
28 1.9864251350131080e-08 1.2054861223991069e+24
29 1.8686649166955697e-08 6.9063424877201447e+24
30 1.7845776581830559e-08 2.0593819781546940e+24
31 1.6738210532751399e-08 3.7877973628822666e+24
32 1.5681310213325330e-08 5.6191955895033001e+23
33 1.5435408212917186e-08 2.6782866723825684e+23
34 1.4716098536577082e-08 3.3673637839812356e+23
35 1.4146977565569509e-08 2.0955776130424508e+24
36 1.3959555877043058e-08 1.7123708381923389e+24
37 1.3201111849897552e-08 2.6348594785430607e+24
38 1.2755705744763698e-08 2.8582642656363989e+24
39 1.2396822554449438e-08 8.0914620688671774e+24
