0 1.7116841044013255e-06 2.6645573631687776e+23
1 7.3767453844640977e-07 2.4098077177125780e+23
2 6.1217501006077390e-07 2.6019750860229773e+22
3 2.9041545848221042e-07 1.9220589442744470e+23
4 2.1662038101259694e-07 1.3958333484090246e+23
5 1.5786257876079556e-07 1.3628246518295537e+21
6 1.2378877091586471e-07 7.4816639207996316e+22
7 1.0941290807808053e-07 3.8744419588735968e+22
8 9.6898958211798212e-08 2.4282694152073926e+23
9 9.0626174224084462e-08 4.6415874423458894e+22
10 7.3371104733419501e-08 1.2088893030885218e+21
11 7.0260736481574208e-08 1.1024188965993120e+23
12 6.7937294751194507e-08 6.9616718524577470e+21
13 5.5732561654867803e-08 2.6986428345987861e+23
14 5.0612565359680916e-08 1.4816608334923107e+22
15 4.9005422128212012e-08 4.2254786420757865e+22
16 4.5868248856475608e-08 8.8146686825082217e+23
17 3.9513316949350464e-08 6.3156571074114502e+23
18 3.6962634338261020e-08 9.1736476671053685e+22
19 3.4677135066588357e-08 3.7785207811896776e+21
20 3.2942007370338975e-08 1.3076704847002515e+19
21 2.9880899932132765e-08 1.8407226282357695e+23
22 2.7672062580747330e-08 1.4561742132966926e+23
23 2.6847274241237475e-08 1.3821851432992858e+23
24 2.5006911768272593e-08 5.5757058700163246e+23
25 2.4169705937652230e-08 4.2335146973421592e+22
26 2.1744912840297400e-08 1.5715891054055245e+24
27 2.0787955886317875e-08 7.8441878909565310e+22
28 1.9864251350131080e-08 4.7680010464303975e+21
29 1.8686649166955697e-08 7.7374812227497267e+23
30 1.7845776581830559e-08 7.6298176089865574e+22
31 1.6738210532751399e-08 3.3119207125141526e+23
32 1.5681310213325330e-08 1.2415333974046780e+22
33 1.5435408212917186e-08 9.0750282676776143e+21
34 1.4716098536577082e-08 4.4048444143592979e+22
35 1.4146977565569509e-08 1.4706989845269831e+23
36 1.3959555877043058e-08 1.1937572867183816e+20
37 1.3201111849897552e-08 1.2876135552863399e+23
38 1.2755705744763698e-08 5.0156745982517164e+23
39 1.2396822554449438e-08 5.7382560745504480e+23
