0 1.7116841044013255e-06 2.2914766992058769e+24
1 7.3767453844640977e-07 1.9043448077850123e+24
2 6.1217501006077390e-07 1.5589506533348915e+23
3 2.9041545848221042e-07 5.9256110537811120e+24
4 2.1662038101259694e-07 3.1052920327625114e+23
5 1.5786257876079556e-07 5.6715031427867015e+23
6 1.2378877091586471e-07 5.8446605006150729e+23
7 1.0941290807808053e-07 1.0199338216371058e+24
8 9.6898958211798212e-08 1.0302206714702551e+22
9 9.0626174224084462e-08 6.0574665450373301e+23
10 7.3371104733419501e-08 7.5520138929587765e+22
11 7.0260736481574208e-08 1.3501948304366134e+23
12 6.7937294751194507e-08 1.6754014652231828e+21
13 5.5732561654867803e-08 2.4612837258418889e+24
14 5.0612565359680916e-08 1.9652811893220472e+20
15 4.9005422128212012e-08 8.7588859763316668e+22
16 4.5868248856475608e-08 3.8316081852910579e+24
17 3.9513316949350464e-08 7.5645366159925897e+24
18 3.6962634338261020e-08 4.0659223832593061e+23
19 3.4677135066588357e-08 2.7277975823060926e+23
20 3.2942007370338975e-08 5.5851015766628244e+23
21 2.9880899932132765e-08 2.5615900379552664e+24
22 2.7672062580747330e-08 1.4408951534953312e+24
23 2.6847274241237475e-08 2.7459912111571247e+24
24 2.5006911768272593e-08 2.1547922711327994e+24
25 2.4169705937652230e-08 4.0535334392847992e+22
26 2.1744912840297400e-08 1.7558589453416886e+25
27 2.0787955886317875e-08 3.8377662815093140e+23
28 1.9864251350131080e-08 1.0734557956877322e+24
29 1.8686649166955697e-08 6.4239182086862359e+24
30 1.7845776581830559e-08 1.8357064947814940e+24
31 1.6738210532751399e-08 3.3861186013340548e+24
32 1.5681310213325330e-08 4.3749265489228968e+23
33 1.5435408212917186e-08 2.2223306832923220e+23
34 1.4716098536577082e-08 3.1774259576979126e+23
35 1.4146977565569509e-08 1.8804391732059381e+24
36 1.3959555877043058e-08 1.4569900144381937e+24
37 1.3201111849897552e-08 2.2913791299642143e+24
38 1.2755705744763698e-08 2.6460560808257154e+24
39 1.2396822554449438e-08 7.1472271806719883e+24
