0 1.7116841044013255e-06 1.5092831404372814e+24
1 7.3767453844640977e-07 1.1809562482537877e+24
2 6.1217501006077390e-07 1.2122600774259863e+23
3 2.9041545848221042e-07 3.0929841347957531e+24
4 2.1662038101259694e-07 2.3437465585225744e+23
5 1.5786257876079556e-07 2.3462807703323407e+23
6 1.2378877091586471e-07 3.9078289665912028e+23
7 1.0941290807808053e-07 5.1423395930673947e+23
8 9.6898958211798212e-08 3.7515681762770323e+22
9 9.0626174224084462e-08 3.2882142510124952e+23
10 7.3371104733419501e-08 1.5784101368638554e+22
11 7.0260736481574208e-08 2.0688610247952303e+23
12 6.7937294751194507e-08 4.5003730832406159e+21
13 5.5732561654867803e-08 1.6656930630747091e+24
14 5.0612565359680916e-08 9.2641496254398763e+21
15 4.9005422128212012e-08 5.3413318034903085e+22
16 4.5868248856475608e-08 2.7783151605639296e+24
17 3.9513316949350464e-08 4.8154610583240278e+24
18 3.6962634338261020e-08 5.0239342322890813e+22
19 3.4677135066588357e-08 1.7651538264177756e+23
20 3.2942007370338975e-08 3.0069114344887073e+23
21 2.9880899932132765e-08 1.6439609612572296e+24
22 2.7672062580747330e-08 9.1795757571080572e+23
23 2.6847274241237475e-08 1.6184807393701663e+24
24 2.5006911768272593e-08 1.5125278363571829e+24
25 2.4169705937652230e-08 3.8296944125587497e+19
26 2.1744912840297400e-08 1.0684941062885043e+25
27 2.0787955886317875e-08 3.2727977626953030e+23
28 1.9864251350131080e-08 6.1253011097225401e+23
29 1.8686649166955697e-08 4.5229280558633243e+24
30 1.7845776581830559e-08 1.0313876046308514e+24
31 1.6738210532751399e-08 2.1246300951371265e+24
32 1.5681310213325330e-08 1.1940640949240456e+23
33 1.5435408212917186e-08 1.0440511198372392e+23
34 1.4716098536577082e-08 2.2962960320249909e+23
35 1.4146977565569509e-08 1.1482818582771947e+24
36 1.3959555877043058e-08 6.6065948321482357e+23
37 1.3201111849897552e-08 1.2635530205609907e+24
38 1.2755705744763698e-08 1.8823954608802742e+24
39 1.2396822554449438e-08 4.1856484023718793e+24
