0 1.7116841044013255e-06 6.2074307782493109e+21
1 7.3767453844640977e-07 4.6497016317895823e+21
2 6.1217501006077390e-07 7.4825869775975796e+20
3 2.9041545848221042e-07 5.2126713627868422e+19
4 2.1662038101259694e-07 5.7567716098172676e+21
5 1.5786257876079556e-07 1.3896335637586869e+21
6 1.2378877091586471e-07 1.8399448779901140e+21
7 1.0941290807808053e-07 5.4670001513212199e+19
8 9.6898958211798212e-08 1.9212726695134138e+22
9 9.0626174224084462e-08 2.0915693807549602e+21
10 7.3371104733419501e-08 4.4691797945633158e+20
11 7.0260736481574208e-08 2.0177766311085372e+21
12 6.7937294751194507e-08 7.4133622227762741e+19
13 5.5732561654867803e-08 4.4003046315045126e+20
14 5.0612565359680916e-08 6.9694068226949120e+20
15 4.9005422128212012e-08 8.0713849013834099e+21
16 4.5868248856475608e-08 3.9067464283298797e+22
17 3.9513316949350464e-08 9.8628779535985887e+21
18 3.6962634338261020e-08 5.8982760775846178e+21
19 3.4677135066588357e-08 1.4178784247380806e+17
20 3.2942007370338975e-08 1.7698047694061694e+21
21 2.9880899932132765e-08 1.3177308919895850e+21
22 2.7672062580747330e-08 2.9753849385633380e+21
23 2.6847274241237475e-08 1.4561632333215519e+21
24 2.5006911768272593e-08 1.3399860546722008e+22
25 2.4169705937652230e-08 2.7498045100209115e+21
26 2.1744912840297400e-08 2.1935485882750900e+22
27 2.0787955886317875e-08 1.2962701101395026e+21
28 1.9864251350131080e-08 5.4378638924457559e+21
29 1.8686649166955697e-08 9.1612135088538622e+21
30 1.7845776581830559e-08 2.2916362110878671e+19
31 1.6738210532751399e-08 3.3251282683637331e+21
32 1.5681310213325330e-08 2.1313354276302970e+21
33 1.5435408212917186e-08 2.3164259067762393e+20
34 1.4716098536577082e-08 2.5837348765170883e+20
35 1.4146977565569509e-08 6.7882425621675311e+20
36 1.3959555877043058e-08 7.4100907736085834e+21
37 1.3201111849897552e-08 4.9442603584369690e+21
38 1.2755705744763698e-08 1.8541174919852192e+22
39 1.2396822554449438e-08 4.9785638986370389e+21
