0 1.7116841044013255e-06 2.0705294254892909e+24
1 7.3767453844640977e-07 1.6573185869418135e+24
2 6.1217501006077390e-07 1.5108767018274856e+23
3 2.9041545848221042e-07 5.0694891681885640e+24
4 2.1662038101259694e-07 2.6630461641118328e+23
5 1.5786257876079556e-07 4.6093672716742620e+23
6 1.2378877091586471e-07 5.2274806373184372e+23
7 1.0941290807808053e-07 8.4835445454609915e+23
8 9.6898958211798212e-08 3.3461467007376261e+20
9 9.0626174224084462e-08 5.1760505755286764e+23
10 7.3371104733419501e-08 5.1022061891725233e+22
11 7.0260736481574208e-08 1.5719216666092863e+23
12 6.7937294751194507e-08 1.0643853553374419e+21
13 5.5732561654867803e-08 2.2142871960190748e+24
14 5.0612565359680916e-08 1.6954078657827423e+21
15 4.9005422128212012e-08 7.5388979095958175e+22
16 4.5868248856475608e-08 3.5100216385512450e+24
17 3.9513316949350464e-08 6.7948533838150612e+24
18 3.6962634338261020e-08 2.7470563680226099e+23
19 3.4677135066588357e-08 2.5907974251057838e+23
20 3.2942007370338975e-08 4.9995735667159124e+23
21 2.9880899932132765e-08 2.3149749359215733e+24
22 2.7672062580747330e-08 1.2833892316428322e+24
23 2.6847274241237475e-08 2.4293166858917711e+24
24 2.5006911768272593e-08 1.9107970989680499e+24
25 2.4169705937652230e-08 1.8911740948419633e+22
26 2.1744912840297400e-08 1.5503821399952791e+25
27 2.0787955886317875e-08 3.7020141018727321e+23
28 1.9864251350131080e-08 9.4092652908342173e+23
29 1.8686649166955697e-08 5.9137613179913171e+24
30 1.7845776581830559e-08 1.6103494516276216e+24
31 1.6738210532751399e-08 2.9791653627467664e+24
32 1.5681310213325330e-08 3.2813995134988317e+23
33 1.5435408212917186e-08 1.7639827629582887e+23
34 1.4716098536577082e-08 2.9207213194615371e+23
35 1.4146977565569509e-08 1.6738947773124983e+24
36 1.3959555877043058e-08 1.2115630242944334e+24
37 1.3201111849897552e-08 1.9891877956248107e+24
38 1.2755705744763698e-08 2.4384110107226961e+24
39 1.2396822554449438e-08 6.2044293052309662e+24
