0 1.7116841044013255e-06 1.5824748499746463e+22
1 7.3767453844640977e-07 1.3386912129773086e+22
2 6.1217501006077390e-07 2.1051675699719113e+21
3 2.9041545848221042e-07 9.1488390053048956e+20
4 2.1662038101259694e-07 1.4790767076438960e+22
5 1.5786257876079556e-07 1.7384386792658061e+21
6 1.2378877091586471e-07 4.7498518903998843e+21
7 1.0941290807808053e-07 2.7332514959513207e+20
8 9.6898958211798212e-08 4.6457547296315206e+22
9 9.0626174224084462e-08 4.4507547581473148e+21
10 7.3371104733419501e-08 1.2943412711081949e+21
11 7.0260736481574208e-08 7.0296043021257199e+21
12 6.7937294751194507e-08 1.4514779364167131e+19
13 5.5732561654867803e-08 2.9125216997679301e+21
14 5.0612565359680916e-08 1.6706501225133551e+21
15 4.9005422128212012e-08 1.5410882219418392e+22
16 4.5868248856475608e-08 9.8269275437589043e+22
17 3.9513316949350464e-08 2.6078050472700875e+22
18 3.6962634338261020e-08 1.5047640761239335e+22
19 3.4677135066588357e-08 2.3500311314752233e+19
20 3.2942007370338975e-08 4.2539310744707106e+21
21 2.9880899932132765e-08 4.4526218796852414e+21
22 2.7672062580747330e-08 7.5758760292903194e+21
23 2.6847274241237475e-08 3.5878964255065909e+21
24 2.5006911768272593e-08 3.9580365783584890e+22
25 2.4169705937652230e-08 5.9913461521647256e+21
26 2.1744912840297400e-08 6.6575133411555141e+22
27 2.0787955886317875e-08 3.0305182671410351e+21
28 1.9864251350131080e-08 1.0554922577400793e+22
29 1.8686649166955697e-08 2.5419995917006282e+22
30 1.7845776581830559e-08 1.2523144807398793e+20
31 1.6738210532751399e-08 1.1528217104260992e+22
32 1.5681310213325330e-08 5.6656907410465515e+21
33 1.5435408212917186e-08 5.9778520235828000e+20
34 1.4716098536577082e-08 1.1082866343848043e+21
35 1.4146977565569509e-08 3.2244652171922312e+21
36 1.3959555877043058e-08 1.3853488753039427e+22
37 1.3201111849897552e-08 1.0602860475078393e+22
38 1.2755705744763698e-08 4.7372710779748130e+22
39 1.2396822554449438e-08 1.6333970050153806e+22
