0 1.7116841044013255e-06 1.1453267903482899e+23
1 7.3767453844640977e-07 1.1071365515917919e+23
2 6.1217501006077390e-07 1.4988284377795490e+22
3 2.9041545848221042e-07 4.5436757876362300e+22
4 2.1662038101259694e-07 8.5709807980722684e+22
5 1.5786257876079556e-07 2.3078902833168689e+20
6 1.2378877091586471e-07 3.9459701590461942e+22
7 1.0941290807808053e-07 1.0548888625103826e+22
8 9.6898958211798212e-08 1.8031474555457868e+23
9 9.0626174224084462e-08 2.3929362981743034e+22
10 7.3371104733419501e-08 3.4721561905143276e+21
11 7.0260736481574208e-08 5.8354387352554335e+22
12 6.7937294751194507e-08 2.0892446601970752e+21
13 5.5732561654867803e-08 8.7160136792133262e+22
14 5.0612565359680916e-08 9.3633529405274252e+21
15 4.9005422128212012e-08 3.9123444627915600e+22
16 4.5868248856475608e-08 5.1182506344606880e+23
17 3.9513316949350464e-08 2.4126824523042501e+23
18 3.6962634338261020e-08 8.2100659849191970e+22
19 3.4677135066588357e-08 1.4182206267553362e+19
20 3.2942007370338975e-08 4.0983599495211841e+21
21 2.9880899932132765e-08 5.7571677432613884e+22
22 2.7672062580747330e-08 5.4810336546341270e+22
23 2.6847274241237475e-08 3.8862764732251233e+22
24 2.5006911768272593e-08 3.1467248673800934e+23
25 2.4169705937652230e-08 3.2919831851513697e+22
26 2.1744912840297400e-08 6.0435739416829102e+23
27 2.0787955886317875e-08 3.5588418724436086e+22
28 1.9864251350131080e-08 3.1529868484259254e+21
29 1.8686649166955697e-08 2.8295909734327159e+23
30 1.7845776581830559e-08 1.7121704455998099e+22
31 1.6738210532751399e-08 1.4101170781297554e+23
32 1.5681310213325330e-08 1.9633311306903758e+22
33 1.5435408212917186e-08 1.1663190811268768e+20
34 1.4716098536577082e-08 1.7852363371433536e+22
35 1.4146977565569509e-08 5.5342551626547175e+22
36 1.3959555877043058e-08 8.3063097784204620e+21
37 1.3201111849897552e-08 4.6340810650708682e+22
38 1.2755705744763698e-08 2.5625873166649874e+23
39 1.2396822554449438e-08 2.0807398268189151e+23
