0 1.7116841044013255e-06 1.0922636241146040e+24
1 7.3767453844640977e-07 8.2948764036633018e+23
2 6.1217501006077390e-07 9.8109254822202303e+22
3 2.9041545848221042e-07 1.8530876048381424e+24
4 2.1662038101259694e-07 1.9396054753594109e+23
5 1.5786257876079556e-07 1.1245567746526905e+23
6 1.2378877091586471e-07 2.8866601036416320e+23
7 1.0941290807808053e-07 3.0623087283602922e+23
8 9.6898958211798212e-08 1.1027435465272361e+23
9 9.0626174224084462e-08 2.0781628200399951e+23
10 7.3371104733419501e-08 3.8982879213970905e+21
11 7.0260736481574208e-08 2.1497210027916007e+23
12 6.7937294751194507e-08 6.7981993227476533e+21
13 5.5732561654867803e-08 1.1930120127596868e+24
14 5.0612565359680916e-08 1.5775225707297627e+22
15 4.9005422128212012e-08 3.9720251736002956e+22
16 4.5868248856475608e-08 2.1892697746971623e+24
17 3.9513316949350464e-08 3.3069490712145440e+24
18 3.6962634338261020e-08 9.4205509950306419e+19
19 3.4677135066588357e-08 1.1679564946899303e+23
20 3.2942007370338975e-08 1.8926216327598224e+23
21 2.9880899932132765e-08 1.1614640102803628e+24
22 2.7672062580747330e-08 6.5834252631755246e+23
23 2.6847274241237475e-08 1.0465026192250871e+24
24 2.5006911768272593e-08 1.1696533125026660e+24
25 2.4169705937652230e-08 9.4827577625450025e+21
26 2.1744912840297400e-08 7.3901531035127358e+24
27 2.0787955886317875e-08 2.7275942819652805e+23
28 1.9864251350131080e-08 3.6655725626523383e+23
29 1.8686649166955697e-08 3.3393076831522779e+24
30 1.7845776581830559e-08 6.3300180604954268e+23
31 1.6738210532751399e-08 1.4969178129371357e+24
32 1.5681310213325330e-08 3.1288681706240998e+22
33 1.5435408212917186e-08 5.7965952450648894e+22
34 1.4716098536577082e-08 1.7618583778374935e+23
35 1.4146977565569509e-08 7.9781639870646140e+23
36 1.3959555877043058e-08 3.2503935901247239e+23
37 1.3201111849897552e-08 8.0646639692658922e+23
38 1.2755705744763698e-08 1.4557274826568249e+24
39 1.2396822554449438e-08 2.7659810291712441e+24
