0 1.7116841044013255e-06 1.1364243085210847e+24
1 7.3767453844640977e-07 8.6857045525118821e+23
2 6.1217501006077390e-07 9.9970530545206877e+22
3 2.9041545848221042e-07 1.9709920524119264e+24
4 2.1662038101259694e-07 2.0088099905209796e+23
5 1.5786257876079556e-07 1.2239093004174662e+23
6 1.2378877091586471e-07 2.9943112447654312e+23
7 1.0941290807808053e-07 3.2515225427641682e+23
8 9.6898958211798212e-08 9.9454761805814176e+22
9 9.0626174224084462e-08 2.1982318407568608e+23
10 7.3371104733419501e-08 4.5396759543295341e+21
11 7.0260736481574208e-08 2.1670396036011933e+23
12 6.7937294751194507e-08 7.0198525195614274e+21
13 5.5732561654867803e-08 1.2492050181046792e+24
14 5.0612565359680916e-08 1.4542120634721501e+22
15 4.9005422128212012e-08 4.1185256221514391e+22
16 4.5868248856475608e-08 2.2554749502704053e+24
17 3.9513316949350464e-08 3.4618009110714135e+24
18 3.6962634338261020e-08 9.5072024384128510e+20
19 3.4677135066588357e-08 1.2318424327863744e+23
20 3.2942007370338975e-08 2.0155357382110921e+23
21 2.9880899932132765e-08 1.2151554116179680e+24
22 2.7672062580747330e-08 6.9105511958432519e+23
23 2.6847274241237475e-08 1.1030544758180041e+24
24 2.5006911768272593e-08 1.2117988506661657e+24
25 2.4169705937652230e-08 7.3827966635214992e+21
26 2.1744912840297400e-08 7.7361053106982430e+24
27 2.0787955886317875e-08 2.7965732876415350e+23
28 1.9864251350131080e-08 3.9724884885343992e+23
29 1.8686649166955697e-08 3.4615551538479944e+24
30 1.7845776581830559e-08 6.7342123031798159e+23
31 1.6738210532751399e-08 1.5590571254651228e+24
32 1.5681310213325330e-08 3.6967634378101354e+22
33 1.5435408212917186e-08 6.2918097127333314e+22
34 1.4716098536577082e-08 1.8298364642781240e+23
35 1.4146977565569509e-08 8.2915400281001714e+23
36 1.3959555877043058e-08 3.5468748345608759e+23
37 1.3201111849897552e-08 8.5287479245007207e+23
38 1.2755705744763698e-08 1.4996829072934306e+24
39 1.2396822554449438e-08 2.9193378155016366e+24
