0 1.7116841044013255e-06 3.6910662178100300e+23
1 7.3767453844640977e-07 3.0670176823571311e+23
2 6.1217501006077390e-07 3.5500023237040952e+22
3 2.9041545848221042e-07 3.2187751452344151e+23
4 2.1662038101259694e-07 1.4736167468295814e+23
5 1.5786257876079556e-07 3.7489961893035198e+21
6 1.2378877091586471e-07 9.6904307188313560e+22
7 1.0941290807808053e-07 6.0645337969247270e+22
8 9.6898958211798212e-08 2.3156975038414746e+23
9 9.0626174224084462e-08 5.9310671808939847e+22
10 7.3371104733419501e-08 2.1072925437621423e+20
11 7.0260736481574208e-08 1.3238972042257816e+23
12 6.7937294751194507e-08 1.0054537940080626e+22
13 5.5732561654867803e-08 3.9143894567073115e+23
14 5.0612565359680916e-08 1.6280020187681755e+22
15 4.9005422128212012e-08 3.7268908274825111e+22
16 4.5868248856475608e-08 1.0668339797383272e+24
17 3.9513316949350464e-08 9.1034663995472832e+23
18 3.6962634338261020e-08 8.1185203095474350e+22
19 3.4677135066588357e-08 1.3712407727662860e+22
20 3.2942007370338975e-08 7.2222857005384755e+21
21 2.9880899932132765e-08 2.9202124199503755e+23
22 2.7672062580747330e-08 2.1226267258724591e+23
23 2.6847274241237475e-08 2.2340428351978388e+23
24 2.5006911768272593e-08 6.6157881675814891e+23
25 2.4169705937652230e-08 3.8815804348372397e+22
26 2.1744912840297400e-08 2.2312549898782675e+24
27 2.0787955886317875e-08 1.1750532794783513e+23
28 1.9864251350131080e-08 3.2244244184596973e+22
29 1.8686649166955697e-08 1.1003049500363400e+24
30 1.7845776581830559e-08 1.2691352629455590e+23
31 1.6738210532751399e-08 4.4935662480152744e+23
32 1.5681310213325330e-08 7.2497970983143431e+21
33 1.5435408212917186e-08 1.4702585916883603e+22
34 1.4716098536577082e-08 6.6604738832040938e+22
35 1.4146977565569509e-08 2.1772385807794989e+23
36 1.3959555877043058e-08 5.6061398689518662e+21
37 1.3201111849897552e-08 1.8067694450923863e+23
38 1.2755705744763698e-08 6.4453521834522723e+23
39 1.2396822554449438e-08 7.9185394960421539e+23
