0 1.7116841044013255e-06 1.4593642887845843e+24
1 7.3767453844640977e-07 1.1248143651270767e+24
2 6.1217501006077390e-07 1.2068475090514139e+23
3 2.9041545848221042e-07 2.9321860073397233e+24
4 2.1662038101259694e-07 2.2078983724749719e+23
5 1.5786257876079556e-07 2.1787465866976476e+23
6 1.2378877091586471e-07 3.7527749653720189e+23
7 1.0941290807808053e-07 4.8309851171064824e+23
8 9.6898958211798212e-08 4.3467031242027399e+22
9 9.0626174224084462e-08 3.1168889640303470e+23
10 7.3371104733419501e-08 1.3239350186705922e+22
11 7.0260736481574208e-08 2.0870104571188916e+23
12 6.7937294751194507e-08 3.9468133932761670e+21
13 5.5732561654867803e-08 1.5971599109620223e+24
14 5.0612565359680916e-08 1.0483606434775084e+22
15 4.9005422128212012e-08 5.1599993994966792e+22
16 4.5868248856475608e-08 2.6874335183098455e+24
17 3.9513316949350464e-08 4.6324733160763187e+24
18 3.6962634338261020e-08 3.9601686175549892e+22
19 3.4677135066588357e-08 1.7291483136625117e+23
20 3.2942007370338975e-08 2.9202935846918873e+23
21 2.9880899932132765e-08 1.5845480476084345e+24
22 2.7672062580747330e-08 8.8179104040606564e+23
23 2.6847274241237475e-08 1.5521695057082550e+24
24 2.5006911768272593e-08 1.4458174641171665e+24
25 2.4169705937652230e-08 4.1460572784578875e+20
26 2.1744912840297400e-08 1.0256971171893470e+25
27 2.0787955886317875e-08 3.2024954543800783e+23
28 1.9864251350131080e-08 5.8468149517685001e+23
29 1.8686649166955697e-08 4.3924660908817013e+24
30 1.7845776581830559e-08 9.8801675469846972e+23
31 1.6738210532751399e-08 2.0273958294880241e+24
32 1.5681310213325330e-08 1.0743011957997800e+23
33 1.5435408212917186e-08 9.4577031088904243e+22
34 1.4716098536577082e-08 2.2278979767251101e+23
35 1.4146977565569509e-08 1.1051933542573227e+24
36 1.3959555877043058e-08 6.1487110369072381e+23
37 1.3201111849897552e-08 1.2108118380575467e+24
38 1.2755705744763698e-08 1.8329956421610758e+24
39 1.2396822554449438e-08 3.9932792236666771e+24
