0 1.7116841044013255e-06 2.1241665668251915e+24
1 7.3767453844640977e-07 1.7162657631071778e+24
2 6.1217501006077390e-07 1.5291646790106067e+23
3 2.9041545848221042e-07 5.2741534459998152e+24
4 2.1662038101259694e-07 2.7631464206104399e+23
5 1.5786257876079556e-07 4.8653724880129801e+23
6 1.2378877091586471e-07 5.3780271573663784e+23
7 1.0941290807808053e-07 8.8898435473273354e+23
8 9.6898958211798212e-08 1.5368173844787636e+21
9 9.0626174224084462e-08 5.3892359587375575e+23
10 7.3371104733419501e-08 5.6434255711655155e+22
11 7.0260736481574208e-08 1.5205115795181147e+23
12 6.7937294751194507e-08 1.1660813530967369e+21
13 5.5732561654867803e-08 2.2737855728952706e+24
14 5.0612565359680916e-08 1.2413472376261609e+21
15 4.9005422128212012e-08 7.8597135838692413e+22
16 4.5868248856475608e-08 3.5873888521771359e+24
17 3.9513316949350464e-08 6.9849464163384561e+24
18 3.6962634338261020e-08 3.0483239527536570e+23
19 3.4677135066588357e-08 2.6244954667805398e+23
20 3.2942007370338975e-08 5.1501200996069427e+23
21 2.9880899932132765e-08 2.3750466616165285e+24
22 2.7672062580747330e-08 1.3204001751753368e+24
23 2.6847274241237475e-08 2.5063974569042280e+24
24 2.5006911768272593e-08 1.9672433952266118e+24
25 2.4169705937652230e-08 2.3191019761587972e+22
26 2.1744912840297400e-08 1.5997620989643661e+25
27 2.0787955886317875e-08 3.7395143670618427e+23
28 1.9864251350131080e-08 9.7356118127283591e+23
29 1.8686649166955697e-08 6.0426059714824757e+24
30 1.7845776581830559e-08 1.6671141264637727e+24
31 1.6738210532751399e-08 3.0765352490186211e+24
32 1.5681310213325330e-08 3.5386949979998403e+23
33 1.5435408212917186e-08 1.8717676104008007e+23
34 1.4716098536577082e-08 2.9911792942113862e+23
35 1.4146977565569509e-08 1.7256236737011538e+24
36 1.3959555877043058e-08 1.2723633699277493e+24
37 1.3201111849897552e-08 2.0589856873949713e+24
38 1.2755705744763698e-08 2.4886779351837076e+24
39 1.2396822554449438e-08 6.4334877774890588e+24
