0 1.7116841044013255e-06 7.2822588112204235e+23
1 7.3767453844640977e-07 5.4942670137197301e+23
2 6.1217501006077390e-07 7.0090613885354304e+22
3 2.9041545848221042e-07 9.5826761425837188e+23
4 2.1662038101259694e-07 1.6438953471332992e+23
5 1.5786257876079556e-07 3.6704397814634851e+22
6 1.2378877091586471e-07 1.8946433225266449e+23
7 1.0941290807808053e-07 1.6072594332407663e+23
8 9.6898958211798212e-08 1.7787123273338325e+23
9 9.0626174224084462e-08 1.2087777890205841e+23
10 7.3371104733419501e-08 3.2273809650221495e+20
11 7.0260736481574208e-08 1.9063027964356785e+23
12 6.7937294751194507e-08 9.3429010407441375e+21
13 5.5732561654867803e-08 7.9138083867791088e+23
14 5.0612565359680916e-08 1.8252204118002291e+22
15 4.9005422128212012e-08 3.4317982996716753e+22
16 4.5868248856475608e-08 1.6342321114637416e+24
17 3.9513316949350464e-08 2.0331093990985967e+24
18 3.6962634338261020e-08 2.7066833778218281e+22
19 3.4677135066588357e-08 6.2586554356977084e+22
20 3.2942007370338975e-08 8.9022769558220549e+22
21 2.9880899932132765e-08 7.0834108120092022e+23
22 2.7672062580747330e-08 4.2842126729963299e+23
23 2.6847274241237475e-08 5.9859722918587384e+23
24 2.5006911768272593e-08 9.0747923544574568e+23
25 2.4169705937652230e-08 2.6445908406914758e+22
26 2.1744912840297400e-08 4.6709331200366572e+24
27 2.0787955886317875e-08 2.1207852751987647e+23
28 1.9864251350131080e-08 1.8631765514547683e+23
29 1.8686649166955697e-08 2.2343887492972078e+24
30 1.7845776581830559e-08 3.5713762426146624e+23
31 1.6738210532751399e-08 9.2565640471850693e+23
32 1.5681310213325330e-08 1.1767016092818752e+21
33 1.5435408212917186e-08 3.1185574209071534e+22
34 1.4716098536577082e-08 1.2176348284135848e+23
35 1.4146977565569509e-08 5.0447341416319373e+23
36 1.3959555877043058e-08 1.0518273832154534e+23
37 1.3201111849897552e-08 4.5566460861137784e+23
38 1.2755705744763698e-08 1.0621589772165695e+24
39 1.2396822554449438e-08 1.6781604723487917e+24
