0 1.7116841044013255e-06 9.9797808880046085e+22
1 7.3767453844640977e-07 9.6210675860682062e+22
2 6.1217501006077390e-07 1.3867026103483052e+22
3 2.9041545848221042e-07 3.5245036784899494e+22
4 2.1662038101259694e-07 7.7296097002379698e+22
5 1.5786257876079556e-07 3.6749298373114567e+20
6 1.2378877091586471e-07 3.5093200522490417e+22
7 1.0941290807808053e-07 8.4471969937217416e+21
8 9.6898958211798212e-08 1.6913093665264521e+23
9 9.0626174224084462e-08 2.1150598365886668e+22
10 7.3371104733419501e-08 3.9929364401027327e+21
11 7.0260736481574208e-08 5.1617511555104875e+22
12 6.7937294751194507e-08 1.7091065718311194e+21
13 5.5732561654867803e-08 6.9927289821048995e+22
14 5.0612565359680916e-08 8.5283006566277306e+21
15 4.9005422128212012e-08 3.7882898454157367e+22
16 4.5868248856475608e-08 4.6589232525565402e+23
17 3.9513316949350464e-08 2.0700366114879850e+23
18 3.6962634338261020e-08 7.6181165427668413e+22
19 3.4677135066588357e-08 1.0338326129674759e+20
20 3.2942007370338975e-08 5.0096003406223534e+21
21 2.9880899932132765e-08 4.8511015510248251e+22
22 2.7672062580747330e-08 4.6619001243498342e+22
23 2.6847274241237475e-08 3.1628655547280548e+22
24 2.5006911768272593e-08 2.8055550717686283e+23
25 2.4169705937652230e-08 3.1280631304273455e+22
26 2.1744912840297400e-08 5.1331716431752484e+23
27 2.0787955886317875e-08 3.0884064618557181e+22
28 1.9864251350131080e-08 5.4847322181680811e+21
29 1.8686649166955697e-08 2.3980310434353010e+23
30 1.7845776581830559e-08 1.3328917433275619e+22
31 1.6738210532751399e-08 1.2316400716531620e+23
32 1.5681310213325330e-08 1.9646554128947140e+22
33 1.5435408212917186e-08 4.4566586462031401e+18
34 1.4716098536577082e-08 1.4500829124253620e+22
35 1.4146977565569509e-08 4.6161498875600617e+22
36 1.3959555877043058e-08 1.0113667241969503e+22
37 1.3201111849897552e-08 4.1811978343026400e+22
38 1.2755705744763698e-08 2.2966080070642674e+23
39 1.2396822554449438e-08 1.7421950860199525e+23
