0 1.7116841044013255e-06 1.8609247221572966e+24
1 7.3767453844640977e-07 1.5000552128443917e+24
2 6.1217501006077390e-07 1.3946735754773552e+23
3 2.9041545848221042e-07 4.3003796390938997e+24
4 2.1662038101259694e-07 2.6993186637025399e+23
5 1.5786257876079556e-07 3.7129741113630294e+23
6 1.2378877091586471e-07 4.7372173111988071e+23
7 1.0941290807808053e-07 7.2136026052408119e+23
8 9.6898958211798212e-08 4.3536918987461341e+21
9 9.0626174224084462e-08 4.4873152318683108e+23
10 7.3371104733419501e-08 3.6299495462169714e+22
11 7.0260736481574208e-08 1.8069098554451774e+23
12 6.7937294751194507e-08 3.0528348161061169e+21
13 5.5732561654867803e-08 2.0416634988976870e+24
14 5.0612565359680916e-08 3.8060288501396312e+21
15 4.9005422128212012e-08 6.7354622585973462e+22
16 4.5868248856475608e-08 3.2795297713141863e+24
17 3.9513316949350464e-08 6.0740160870679009e+24
18 3.6962634338261020e-08 1.7003152745689204e+23
19 3.4677135066588357e-08 2.2207593501786039e+23
20 3.2942007370338975e-08 4.1287692801270741e+23
21 2.9880899932132765e-08 2.0773675550914383e+24
22 2.7672062580747330e-08 1.1585007192507592e+24
23 2.6847274241237475e-08 2.1113778829667335e+24
24 2.5006911768272593e-08 1.8073033453689158e+24
25 2.4169705937652230e-08 6.9717953777769948e+21
26 2.1744912840297400e-08 1.3726274303452661e+25
27 2.0787955886317875e-08 3.5526735410156229e+23
28 1.9864251350131080e-08 8.1536021900882814e+23
29 1.8686649166955697e-08 5.4114852255541527e+24
30 1.7845776581830559e-08 1.3956088320845992e+24
31 1.6738210532751399e-08 2.6833836784055661e+24
32 1.5681310213325330e-08 2.4039982129337134e+23
33 1.5435408212917186e-08 1.5415961565464663e+23
34 1.4716098536577082e-08 2.7518018457489277e+23
35 1.4146977565569509e-08 1.4754396281363380e+24
36 1.3959555877043058e-08 9.9652848562259026e+23
37 1.3201111849897552e-08 1.6862716122459070e+24
38 1.2755705744763698e-08 2.2468715003879296e+24
39 1.2396822554449438e-08 5.4564999500289150e+24
