0 1.7116841044013255e-06 2.4279312457515997e+23
1 7.3767453844640977e-07 2.2055765102421072e+23
2 6.1217501006077390e-07 2.3552378898414031e+22
3 2.9041545848221042e-07 1.6376802497172507e+23
4 2.1662038101259694e-07 1.3277044402966936e+23
5 1.5786257876079556e-07 7.3406880190635560e+20
6 1.2378877091586471e-07 6.8277307685974439e+22
7 1.0941290807808053e-07 3.4460675736585674e+22
8 9.6898958211798212e-08 2.3584434914964671e+23
9 9.0626174224084462e-08 4.1437333224627443e+22
10 7.3371104733419501e-08 1.1933780775081206e+21
11 7.0260736481574208e-08 1.0173456668606983e+23
12 6.7937294751194507e-08 6.1464914444297206e+21
13 5.5732561654867803e-08 2.4232633976164750e+23
14 5.0612565359680916e-08 1.4197083138225422e+22
15 4.9005422128212012e-08 4.2676338456370585e+22
16 4.5868248856475608e-08 8.2416471753634184e+23
17 3.9513316949350464e-08 5.6817647199582124e+23
18 3.6962634338261020e-08 9.4107711470155862e+22
19 3.4677135066588357e-08 2.7998905108003611e+21
20 3.2942007370338975e-08 2.5332007442955194e+20
21 2.9880899932132765e-08 1.6072544583007378e+23
22 2.7672062580747330e-08 1.3032001500150280e+23
23 2.6847274241237475e-08 1.2053491427887811e+23
24 2.5006911768272593e-08 5.2080372842190457e+23
25 2.4169705937652230e-08 4.2796956706445617e+22
26 2.1744912840297400e-08 1.4081154769412249e+24
27 2.0787955886317875e-08 7.3899613867294857e+22
28 1.9864251350131080e-08 2.4319325794370260e+21
29 1.8686649166955697e-08 6.9789821417142831e+23
30 1.7845776581830559e-08 6.5857128856398198e+22
31 1.6738210532751399e-08 2.9853386189807083e+23
32 1.5681310213325330e-08 1.4010587225431288e+22
33 1.5435408212917186e-08 7.7338805379244627e+21
34 1.4716098536577082e-08 3.9121212156375212e+22
35 1.4146977565569509e-08 1.2789995467459522e+23
36 1.3959555877043058e-08 5.0308111940691689e+19
37 1.3201111849897552e-08 1.1845359242630891e+23
38 1.2755705744763698e-08 4.6522187217589988e+23
39 1.2396822554449438e-08 5.1562602800179516e+23
