0 1.7116841044013255e-06 1.7064724413409294e+24
1 7.3767453844640977e-07 1.3615835339621633e+24
2 6.1217501006077390e-07 1.3156246555344140e+23
3 2.9041545848221042e-07 3.7563830524170527e+24
4 2.1662038101259694e-07 2.5812294893914067e+23
5 1.5786257876079556e-07 3.0872191619092983e+23
6 1.2378877091586471e-07 4.3448104690525492e+23
7 1.0941290807808053e-07 6.2572589246259377e+23
8 9.6898958211798212e-08 1.5239770743823103e+22
9 9.0626174224084462e-08 3.9611824323836840e+23
10 7.3371104733419501e-08 2.6678907452031175e+22
11 7.0260736481574208e-08 1.9585090367398858e+23
12 6.7937294751194507e-08 3.5559012093412723e+21
13 5.5732561654867803e-08 1.8841646730546074e+24
14 5.0612565359680916e-08 6.1924475345344303e+21
15 4.9005422128212012e-08 6.3745146652246441e+22
16 4.5868248856475608e-08 3.0475688778813057e+24
17 3.9513316949350464e-08 5.5264996587943333e+24
18 3.6962634338261020e-08 1.0913000659256844e+23
19 3.4677135066588357e-08 2.0178603977815085e+23
20 3.2942007370338975e-08 3.5766813001230403e+23
21 2.9880899932132765e-08 1.8674416609752477e+24
22 2.7672062580747330e-08 1.0453534203132405e+24
23 2.6847274241237475e-08 1.8956732015336266e+24
24 2.5006911768272593e-08 1.6894733004857050e+24
25 2.4169705937652230e-08 1.5061913685048322e+21
26 2.1744912840297400e-08 1.2378236645894091e+25
27 2.0787955886317875e-08 3.4303458821043106e+23
28 1.9864251350131080e-08 7.2475838898847244e+23
29 1.8686649166955697e-08 5.0485206888970706e+24
30 1.7845776581830559e-08 1.2521939468958040e+24
31 1.6738210532751399e-08 2.4237302312193177e+24
32 1.5681310213325330e-08 1.8930897841389119e+23
33 1.5435408212917186e-08 1.3094073540580984e+23
34 1.4716098536577082e-08 2.5692521488580173e+23
35 1.4146977565569509e-08 1.3296606084986110e+24
36 1.3959555877043058e-08 8.4475685485970466e+23
37 1.3201111849897552e-08 1.4981892738269235e+24
38 1.2755705744763698e-08 2.0850306441438696e+24
39 1.2396822554449438e-08 4.9082396596877345e+24
