0 1.7116841044013255e-06 1.6580000528068230e+24
1 7.3767453844640977e-07 1.3266895239852863e+24
2 6.1217501006077390e-07 1.2745432836978908e+23
3 2.9041545848221042e-07 3.5891786334155395e+24
4 2.1662038101259694e-07 2.5832417036941709e+23
5 1.5786257876079556e-07 2.8927833555331022e+23
6 1.2378877091586471e-07 4.2911774171219488e+23
7 1.0941290807808053e-07 6.0275548598186294e+23
8 9.6898958211798212e-08 2.0345968955926994e+22
9 9.0626174224084462e-08 3.7942602342164216e+23
10 7.3371104733419501e-08 2.4028355679091809e+22
11 7.0260736481574208e-08 1.9844382709753047e+23
12 6.7937294751194507e-08 4.5538588344653038e+21
13 5.5732561654867803e-08 1.8428652067410129e+24
14 5.0612565359680916e-08 6.6015122363605393e+21
15 4.9005422128212012e-08 5.9668258747854958e+22
16 4.5868248856475608e-08 3.0067350763622993e+24
17 3.9513316949350464e-08 5.3556593948964505e+24
18 3.6962634338261020e-08 9.1660010457720227e+22
19 3.4677135066588357e-08 1.9286208104913071e+23
20 3.2942007370338975e-08 3.3758409201867103e+23
21 2.9880899932132765e-08 1.8197030449257282e+24
22 2.7672062580747330e-08 1.0184268601787415e+24
23 2.6847274241237475e-08 1.8226606250473008e+24
24 2.5006911768272593e-08 1.6642730852482917e+24
25 2.4169705937652230e-08 9.1277234243713761e+20
26 2.1744912840297400e-08 1.1954700198136682e+25
27 2.0787955886317875e-08 3.4221749051503366e+23
28 1.9864251350131080e-08 6.9618413376183435e+23
29 1.8686649166955697e-08 4.9089521120817946e+24
30 1.7845776581830559e-08 1.1816511648530324e+24
31 1.6738210532751399e-08 2.3735934475500762e+24
32 1.5681310213325330e-08 1.6604754524707431e+23
33 1.5435408212917186e-08 1.2781437261262011e+23
34 1.4716098536577082e-08 2.4900405442624421e+23
35 1.4146977565569509e-08 1.2840553662089930e+24
36 1.3959555877043058e-08 8.0048669053716494e+23
37 1.3201111849897552e-08 1.4360144909934020e+24
38 1.2755705744763698e-08 2.0346868003498592e+24
39 1.2396822554449438e-08 4.7326245047852252e+24
