0 1.7116841044013255e-06 4.3929993527572916e+20
1 7.3767453844640977e-07 1.9937581024779085e+20
2 6.1217501006077390e-07 1.2565421173354504e+20
3 2.9041545848221042e-07 2.1482450122230098e+20
4 2.1662038101259694e-07 1.3015147451754676e+20
5 1.5786257876079556e-07 4.3865168580258503e+20
6 1.2378877091586471e-07 1.8831342832984183e+19
7 1.0941290807808053e-07 4.4460355338614323e+18
8 9.6898958211798212e-08 1.2817513785384028e+20
9 9.0626174224084462e-08 1.7317890208442581e+20
10 7.3371104733419501e-08 1.4180412944780102e+19
11 7.0260736481574208e-08 2.0670703643279009e+20
12 6.7937294751194507e-08 4.9195833699709328e+20
13 5.5732561654867803e-08 1.4948720074628573e+20
14 5.0612565359680916e-08 2.6348499601805256e+20
15 4.9005422128212012e-08 3.1554891487815585e+20
16 4.5868248856475608e-08 5.3325491131908843e+20
17 3.9513316949350464e-08 1.0772615064862607e+21
18 3.6962634338261020e-08 1.6099748414070514e+21
19 3.4677135066588357e-08 3.9857673288838336e+20
20 3.2942007370338975e-08 1.4098029744803508e+21
21 2.9880899932132765e-08 3.9838061947740678e+20
22 2.7672062580747330e-08 5.1723797443687802e+17
23 2.6847274241237475e-08 3.3934788658966318e+20
24 2.5006911768272593e-08 2.4370791662515675e+19
25 2.4169705937652230e-08 4.1509735270301655e+19
26 2.1744912840297400e-08 3.4672994642777283e+20
27 2.0787955886317875e-08 1.0146620212381999e+21
28 1.9864251350131080e-08 6.7170836841174440e+20
29 1.8686649166955697e-08 5.5261255855137594e+20
30 1.7845776581830559e-08 1.1669651680829651e+21
31 1.6738210532751399e-08 1.7552990791736404e+20
32 1.5681310213325330e-08 2.4946212568530171e+18
33 1.5435408212917186e-08 9.9676992569964731e+20
34 1.4716098536577082e-08 1.5631382374250253e+17
35 1.4146977565569509e-08 2.5490601735125965e+20
36 1.3959555877043058e-08 2.4525054174674735e+19
37 1.3201111849897552e-08 5.6142272412996256e+19
38 1.2755705744763698e-08 6.9982340975520763e+20
39 1.2396822554449438e-08 1.6650323281185263e+20
