0 1.7116841044013255e-06 2.2357463738860620e+24
1 7.3767453844640977e-07 1.8477433043127656e+24
2 6.1217501006077390e-07 1.5421850010017509e+23
3 2.9041545848221042e-07 5.7058266256672173e+24
4 2.1662038101259694e-07 3.0268234445105398e+23
5 1.5786257876079556e-07 5.4008174150829907e+23
6 1.2378877091586471e-07 5.7096148385050263e+23
7 1.0941290807808053e-07 9.7840284564806833e+23
8 9.6898958211798212e-08 6.3870417118664380e+21
9 9.0626174224084462e-08 5.8386555076754814e+23
10 7.3371104733419501e-08 6.9137602915748073e+22
11 7.0260736481574208e-08 1.4083538834765162e+23
12 6.7937294751194507e-08 1.7093669226502305e+21
13 5.5732561654867803e-08 2.4056804236804499e+24
14 5.0612565359680916e-08 4.1269315739534105e+20
15 4.9005422128212012e-08 8.4156693155718606e+22
16 4.5868248856475608e-08 3.7615038710587645e+24
17 3.9513316949350464e-08 7.3745856052332959e+24
18 3.6962634338261020e-08 3.7046233612591049e+23
19 3.4677135066588357e-08 2.6750123411404405e+23
20 3.2942007370338975e-08 5.4195423823282462e+23
21 2.9880899932132765e-08 2.5022637161327869e+24
22 2.7672062580747330e-08 1.4032143928487585e+24
23 2.6847274241237475e-08 2.6647216243279352e+24
24 2.5006911768272593e-08 2.1031492525299755e+24
25 2.4169705937652230e-08 3.4483765632578712e+22
26 2.1744912840297400e-08 1.7045234405849798e+25
27 2.0787955886317875e-08 3.8174646058159470e+23
28 1.9864251350131080e-08 1.0398311630104586e+24
29 1.8686649166955697e-08 6.2954133183563833e+24
30 1.7845776581830559e-08 1.7752235597310141e+24
31 1.6738210532751399e-08 3.2948028069605507e+24
32 1.5681310213325330e-08 4.0642612396286843e+23
33 1.5435408212917186e-08 2.1274778770754638e+23
34 1.4716098536577082e-08 3.1201730930900920e+23
35 1.4146977565569509e-08 1.8287590523464240e+24
36 1.3959555877043058e-08 1.3956511896766946e+24
37 1.3201111849897552e-08 2.2100952902656565e+24
38 1.2755705744763698e-08 2.5930591673698267e+24
39 1.2396822554449438e-08 6.9161033615049279e+24
