0 1.7116841044013255e-06 2.0175540395612445e+24
1 7.3767453844640977e-07 1.6207438072033114e+24
2 6.1217501006077390e-07 1.4815911795757601e+23
3 2.9041545848221042e-07 4.8728871547279231e+24
4 2.1662038101259694e-07 2.6939399052483725e+23
5 1.5786257876079556e-07 4.3754453196580085e+23
6 1.2378877091586471e-07 5.0969286775902174e+23
7 1.0941290807808053e-07 8.1565339840946061e+23
8 9.6898958211798212e-08 1.0448086080755472e+19
9 9.0626174224084462e-08 5.0008016330708570e+23
10 7.3371104733419501e-08 4.6798263217786645e+22
11 7.0260736481574208e-08 1.6340887826262910e+23
12 6.7937294751194507e-08 1.5774005443501952e+21
13 5.5732561654867803e-08 2.1742909557482928e+24
14 5.0612565359680916e-08 2.1389191866767321e+21
15 4.9005422128212012e-08 7.3227850162047549e+22
16 4.5868248856475608e-08 3.4534034424842089e+24
17 3.9513316949350464e-08 6.6127815979825332e+24
18 3.6962634338261020e-08 2.4644014147634162e+23
19 3.4677135066588357e-08 2.4862921165781502e+23
20 3.2942007370338975e-08 4.7607392527803541e+23
21 2.9880899932132765e-08 2.2589206618964055e+24
22 2.7672062580747330e-08 1.2553171907045090e+24
23 2.6847274241237475e-08 2.3486566714006795e+24
24 2.5006911768272593e-08 1.8863973250061095e+24
25 2.4169705937652230e-08 1.5639215229995399e+22
26 2.1744912840297400e-08 1.5060893972704696e+25
27 2.0787955886317875e-08 3.6776570109437458e+23
28 1.9864251350131080e-08 9.0827813959969182e+23
29 1.8686649166955697e-08 5.7807584804823429e+24
30 1.7845776581830559e-08 1.5516227332466745e+24
31 1.6738210532751399e-08 2.9070659859221611e+24
32 1.5681310213325330e-08 3.0503774936663500e+23
33 1.5435408212917186e-08 1.7112983639415233e+23
34 1.4716098536577082e-08 2.8804436130737579e+23
35 1.4146977565569509e-08 1.6214409142787332e+24
36 1.3959555877043058e-08 1.1595139407136325e+24
37 1.3201111849897552e-08 1.9145102095038573e+24
38 1.2755705744763698e-08 2.3912509092752254e+24
39 1.2396822554449438e-08 6.0243481994679613e+24
