0 1.7116841044013255e-06 1.2255595359539647e+24
1 7.3767453844640977e-07 9.3651579624801905e+23
2 6.1217501006077390e-07 1.0644435369700700e+23
3 2.9041545848221042e-07 2.2264415642170409e+24
4 2.1662038101259694e-07 2.0495342955314321e+23
5 1.5786257876079556e-07 1.4580045303670829e+23
6 1.2378877091586471e-07 3.1971888551844802e+23
7 1.0941290807808053e-07 3.6773283941137445e+23
8 9.6898958211798212e-08 8.3162649473053849e+22
9 9.0626174224084462e-08 2.4399675928964891e+23
10 7.3371104733419501e-08 6.3792014027703913e+21
11 7.0260736481574208e-08 2.1659478908895349e+23
12 6.7937294751194507e-08 5.7561962690569317e+21
13 5.5732561654867803e-08 1.3436888716177824e+24
14 5.0612565359680916e-08 1.4299621490638096e+22
15 4.9005422128212012e-08 4.3553390905114214e+22
16 4.5868248856475608e-08 2.3731799708748692e+24
17 3.9513316949350464e-08 3.7868488801598004e+24
18 3.6962634338261020e-08 6.1018131721190837e+21
19 3.4677135066588357e-08 1.3793251302694866e+23
20 3.2942007370338975e-08 2.2618679015788775e+23
21 2.9880899932132765e-08 1.3221985915374751e+24
22 2.7672062580747330e-08 7.4597589866220601e+23
23 2.6847274241237475e-08 1.2257438958264950e+24
24 2.5006911768272593e-08 1.2682414966872116e+24
25 2.4169705937652230e-08 4.9535093172431906e+21
26 2.1744912840297400e-08 8.4380488042583656e+24
27 2.0787955886317875e-08 2.9322270625797521e+23
28 1.9864251350131080e-08 4.5404539190023186e+23
29 1.8686649166955697e-08 3.7149968666346970e+24
30 1.7845776581830559e-08 7.5539631658933639e+23
31 1.6738210532751399e-08 1.6827261342355049e+24
32 1.5681310213325330e-08 5.2871964359553788e+22
33 1.5435408212917186e-08 6.9947183898953131e+22
34 1.4716098536577082e-08 1.9457971546065003e+23
35 1.4146977565569509e-08 9.0366338702054668e+23
36 1.3959555877043058e-08 4.2235334987720668e+23
37 1.3201111849897552e-08 9.4164975004124974e+23
38 1.2755705744763698e-08 1.5962161176089846e+24
39 1.2396822554449438e-08 3.2036021473084058e+24
