0 1.7116841044013255e-06 6.5340806396145980e+23
1 7.3767453844640977e-07 4.9094556367319299e+23
2 6.1217501006077390e-07 6.3285705189602080e+22
3 2.9041545848221042e-07 8.0007028983874233e+23
4 2.1662038101259694e-07 1.5680630585957528e+23
5 1.5786257876079556e-07 2.5507728525815982e+22
6 1.2378877091586471e-07 1.6532703559559179e+23
7 1.0941290807808053e-07 1.3467836632014357e+23
8 9.6898958211798212e-08 1.8430013954666273e+23
9 9.0626174224084462e-08 1.0390622164094630e+23
10 7.3371104733419501e-08 3.5845510675582718e+19
11 7.0260736481574208e-08 1.8179136737164051e+23
12 6.7937294751194507e-08 8.5485243010213216e+21
13 5.5732561654867803e-08 7.0545386707337524e+23
14 5.0612565359680916e-08 1.8675327711951815e+22
15 4.9005422128212012e-08 3.5628733572539281e+22
16 4.5868248856475608e-08 1.4818594440688107e+24
17 3.9513316949350464e-08 1.7739416431723401e+24
18 3.6962634338261020e-08 3.9093434954670101e+22
19 3.4677135066588357e-08 5.3707833736847270e+22
20 3.2942007370338975e-08 7.5571034471510749e+22
21 2.9880899932132765e-08 6.0706405158305117e+23
22 2.7672062580747330e-08 3.7982235328837391e+23
23 2.6847274241237475e-08 5.1578210409930327e+23
24 2.5006911768272593e-08 8.3810518699815671e+23
25 2.4169705937652230e-08 2.8996388007813969e+22
26 2.1744912840297400e-08 4.1257805993119041e+24
27 2.0787955886317875e-08 1.9988396981718666e+23
28 1.9864251350131080e-08 1.5938856627014361e+23
29 1.8686649166955697e-08 2.0031950240286751e+24
30 1.7845776581830559e-08 3.1028609071690438e+23
31 1.6738210532751399e-08 7.9968460766153235e+23
32 1.5681310213325330e-08 2.0492983111758709e+20
33 1.5435408212917186e-08 2.5636908852139415e+22
34 1.4716098536577082e-08 1.1395864058580435e+23
35 1.4146977565569509e-08 4.3978139033267785e+23
36 1.3959555877043058e-08 7.5218960711152231e+22
37 1.3201111849897552e-08 3.9632062344262430e+23
38 1.2755705744763698e-08 9.7273299645827238e+23
39 1.2396822554449438e-08 1.4899604318430011e+24
