0 1.7116841044013255e-06 2.5762708827474133e+24
1 7.3767453844640977e-07 2.2040171155125467e+24
2 6.1217501006077390e-07 1.6168324617804449e+23
3 2.9041545848221042e-07 7.0846625767738917e+24
4 2.1662038101259694e-07 3.5166462164038375e+23
5 1.5786257876079556e-07 7.1247686016282453e+23
6 1.2378877091586471e-07 6.5972856928711133e+23
7 1.0941290807808053e-07 1.2517697246156227e+24
8 9.6898958211798212e-08 4.4057326151334044e+22
9 9.0626174224084462e-08 7.2152237932334171e+23
10 7.3371104733419501e-08 1.1358403093023967e+23
11 7.0260736481574208e-08 1.0185611442012927e+23
12 6.7937294751194507e-08 1.8244032330016353e+21
13 5.5732561654867803e-08 2.7366190612171474e+24
14 5.0612565359680916e-08 5.2298041447179767e+20
15 4.9005422128212012e-08 1.0128019131376223e+23
16 4.5868248856475608e-08 4.2092694846491969e+24
17 3.9513316949350464e-08 8.5158030600756438e+24
18 3.6962634338261020e-08 6.1556099281805279e+23
19 3.4677135066588357e-08 2.9552815043748804e+23
20 3.2942007370338975e-08 6.4854505839934046e+23
21 2.9880899932132765e-08 2.8848434921472641e+24
22 2.7672062580747330e-08 1.6449927980960792e+24
23 2.6847274241237475e-08 3.1690657413137960e+24
24 2.5006911768272593e-08 2.4260230032083266e+24
25 2.4169705937652230e-08 8.1141050264734243e+22
26 2.1744912840297400e-08 2.0248918628292699e+25
27 2.0787955886317875e-08 4.0071102829940334e+23
28 1.9864251350131080e-08 1.2405242844684340e+24
29 1.8686649166955697e-08 7.0316483063940889e+24
30 1.7845776581830559e-08 2.1195009704260548e+24
31 1.6738210532751399e-08 3.8861604316018058e+24
32 1.5681310213325330e-08 5.9592553605539156e+23
33 1.5435408212917186e-08 2.8002716502306279e+23
34 1.4716098536577082e-08 3.4160353353360155e+23
35 1.4146977565569509e-08 2.1480093821289946e+24
36 1.3959555877043058e-08 1.7762079467747414e+24
37 1.3201111849897552e-08 2.7220643006606972e+24
38 1.2755705744763698e-08 2.9133080515907730e+24
39 1.2396822554449438e-08 8.3374977264020525e+24
