0 1.7116841044013255e-06 2.6335717979752487e+24
1 7.3767453844640977e-07 2.2574565170885324e+24
2 6.1217501006077390e-07 1.6379009711202862e+23
3 2.9041545848221042e-07 7.3255737250715376e+24
4 2.1662038101259694e-07 3.5477661308333928e+23
5 1.5786257876079556e-07 7.4399617734346799e+23
6 1.2378877091586471e-07 6.7460957052324043e+23
7 1.0941290807808053e-07 1.2993286086113598e+24
8 9.6898958211798212e-08 5.4441635099619453e+22
9 9.0626174224084462e-08 7.4448215079798775e+23
10 7.3371104733419501e-08 1.2163941596397528e+23
11 7.0260736481574208e-08 9.4692211517138143e+22
12 6.7937294751194507e-08 1.6669798496704332e+21
13 5.5732561654867803e-08 2.7834687083776612e+24
14 5.0612565359680916e-08 8.8799331864234322e+20
15 4.9005422128212012e-08 1.0365389489067564e+23
16 4.5868248856475608e-08 4.2789734362839559e+24
17 3.9513316949350464e-08 8.7042015801560834e+24
18 3.6962634338261020e-08 6.6248872835894456e+23
19 3.4677135066588357e-08 3.0142612693692047e+23
20 3.2942007370338975e-08 6.7021405163595286e+23
21 2.9880899932132765e-08 2.9524702906663840e+24
22 2.7672062580747330e-08 1.6844600579521390e+24
23 2.6847274241237475e-08 3.2549677339521460e+24
24 2.5006911768272593e-08 2.4656699248185598e+24
25 2.4169705937652230e-08 9.0870232835840432e+22
26 2.1744912840297400e-08 2.0782248619435818e+25
27 2.0787955886317875e-08 4.0352642436305321e+23
28 1.9864251350131080e-08 1.2744466198369672e+24
29 1.8686649166955697e-08 7.1468950111362239e+24
30 1.7845776581830559e-08 2.1747930563567660e+24
31 1.6738210532751399e-08 3.9799436811022318e+24
32 1.5681310213325330e-08 6.2938751114862742e+23
33 1.5435408212917186e-08 2.9022389909556503e+23
34 1.4716098536577082e-08 3.4518246543938523e+23
35 1.4146977565569509e-08 2.2034230236058065e+24
36 1.3959555877043058e-08 1.8428743116172391e+24
37 1.3201111849897552e-08 2.8163315547357359e+24
38 1.2755705744763698e-08 2.9671778715265059e+24
39 1.2396822554449438e-08 8.5664618133227143e+24
