0 1.7116841044013255e-06 1.2704391449858591e+24
1 7.3767453844640977e-07 9.6228896449952441e+23
2 6.1217501006077390e-07 1.1088364170640923e+23
3 2.9041545848221042e-07 2.3565299335887366e+24
4 2.1662038101259694e-07 2.0140044541240167e+23
5 1.5786257876079556e-07 1.5953742493681402e+23
6 1.2378877091586471e-07 3.2670591747945664e+23
7 1.0941290807808053e-07 3.8458345417727637e+23
8 9.6898958211798212e-08 7.4805219418826043e+22
9 9.0626174224084462e-08 2.5497341447843468e+23
10 7.3371104733419501e-08 7.1175273303260487e+21
11 7.0260736481574208e-08 2.1488401074563812e+23
12 6.7937294751194507e-08 4.5382309391924378e+21
13 5.5732561654867803e-08 1.3804429397607496e+24
14 5.0612565359680916e-08 1.4004189925370656e+22
15 4.9005422128212012e-08 4.4555293723242378e+22
16 4.5868248856475608e-08 2.4148602788340784e+24
17 3.9513316949350464e-08 3.9397534701349120e+24
18 3.6962634338261020e-08 1.0441255184600710e+22
19 3.4677135066588357e-08 1.4741610795672911e+23
20 3.2942007370338975e-08 2.4602617307614081e+23
21 2.9880899932132765e-08 1.3769519674730816e+24
22 2.7672062580747330e-08 7.7201488872882893e+23
23 2.6847274241237475e-08 1.2878255604505263e+24
24 2.5006911768272593e-08 1.2772744945814185e+24
25 2.4169705937652230e-08 3.7167234631756771e+21
26 2.1744912840297400e-08 8.7878289459850697e+24
27 2.0787955886317875e-08 2.9627320671435301e+23
28 1.9864251350131080e-08 4.7631658158393007e+23
29 1.8686649166955697e-08 3.8348757690780551e+24
30 1.7845776581830559e-08 7.9933896105428979e+23
31 1.6738210532751399e-08 1.7339356074756399e+24
32 1.5681310213325330e-08 6.3679970662776364e+22
33 1.5435408212917186e-08 7.0754797528679499e+22
34 1.4716098536577082e-08 1.9975409169850000e+23
35 1.4146977565569509e-08 9.4476375386647622e+23
36 1.3959555877043058e-08 4.5683946464666716e+23
37 1.3201111849897552e-08 9.9911655898597638e+23
38 1.2755705744763698e-08 1.6434250920553657e+24
39 1.2396822554449438e-08 3.3325258445811225e+24
