0 1.7116841044013255e-06 6.9104747453285786e+23
1 7.3767453844640977e-07 5.2385493631457974e+23
2 6.1217501006077390e-07 6.5916239848842409e+22
3 2.9041545848221042e-07 8.7857303023737931e+23
4 2.1662038101259694e-07 1.6453355784966785e+23
5 1.5786257876079556e-07 3.0717166830869363e+22
6 1.2378877091586471e-07 1.7784770978536037e+23
7 1.0941290807808053e-07 1.4872036237989664e+23
8 9.6898958211798212e-08 1.8236550862423589e+23
9 9.0626174224084462e-08 1.1290511244457253e+23
10 7.3371104733419501e-08 1.6700408881267717e+20
11 7.0260736481574208e-08 1.8666342281995228e+23
12 6.7937294751194507e-08 9.7266023021915857e+21
13 5.5732561654867803e-08 7.5473121609369368e+23
14 5.0612565359680916e-08 1.8104689499853298e+22
15 4.9005422128212012e-08 3.4662503060574204e+22
16 4.5868248856475608e-08 1.5718016687364429e+24
17 3.9513316949350464e-08 1.9063703678663141e+24
18 3.6962634338261020e-08 3.3203499116956656e+22
19 3.4677135066588357e-08 5.7309101320597521e+22
20 3.2942007370338975e-08 8.0075131997375747e+22
21 2.9880899932132765e-08 6.6111491779570496e+23
22 2.7672062580747330e-08 4.0774983183139675e+23
23 2.6847274241237475e-08 5.5488184204787959e+23
24 2.5006911768272593e-08 8.8648063063244021e+23
25 2.4169705937652230e-08 2.6945466675824983e+22
26 2.1744912840297400e-08 4.4016453496258772e+24
27 2.0787955886317875e-08 2.0774499885250001e+23
28 1.9864251350131080e-08 1.7341362405441200e+23
29 1.8686649166955697e-08 2.1158711307181380e+24
30 1.7845776581830559e-08 3.3085999773828508e+23
31 1.6738210532751399e-08 8.6698755010944002e+23
32 1.5681310213325330e-08 4.4525604872795344e+20
33 1.5435408212917186e-08 2.9055090063815293e+22
34 1.4716098536577082e-08 1.1828570392140728e+23
35 1.4146977565569509e-08 4.7186810486958995e+23
36 1.3959555877043058e-08 8.9111012627754579e+22
37 1.3201111849897552e-08 4.2202761611646004e+23
38 1.2755705744763698e-08 1.0205866154851467e+24
39 1.2396822554449438e-08 1.5855752415102262e+24
