0 1.877934e-07 7.116043e+24
1 1.104780e-07 1.400511e+22
2 3.938980e-08 4.335501e+21
3 2.425869e-08 3.784790e+21
4 2.290939e-08 7.846131e+22
5 1.352562e-08 6.724416e+21
6 1.319682e-08 2.619443e+23
7 1.210368e-08 1.020864e+26
8 1.106320e-08 3.605955e+23
9 9.595329e-09 7.114544e+24
10 7.534804e-09 8.335316e+23
11 5.198949e-09 1.602426e+24
12 5.094478e-09 1.335954e+24
13 3.068127e-09 4.418967e+23
14 2.751399e-09 3.955500e+23
15 2.237188e-09 2.481699e+21
16 2.093381e-09 1.735506e+26
17 1.980238e-09 3.813350e+24
18 1.801184e-09 1.451642e+23
19 1.760922e-09 3.452685e+26
20 1.615495e-09 2.353810e+26
21 1.605217e-09 2.205718e+25
22 1.447886e-09 1.999988e+25
23 1.378350e-09 8.106593e+23
24 1.314264e-09 1.672009e+25
25 1.206011e-09 5.004457e+25
26 1.175420e-09 1.015313e+24
27 1.158826e-09 1.397014e+26
28 1.078173e-09 4.187567e+24
29 1.076749e-09 3.629683e+23
30 1.012271e-09 4.265671e+23
31 9.977780e-10 1.467389e+23
32 9.425186e-10 3.903950e+23
33 8.761628e-10 1.085793e+25
34 8.692557e-10 8.825175e+23
35 8.229195e-10 4.264878e+22
36 8.036924e-10 3.901067e+24
37 7.983108e-10 5.457653e+23
38 7.797636e-10 6.300434e+24
39 7.756280e-10 1.024800e+26
