0 1.877934e-07 7.421370e+17
1 1.104780e-07 1.387563e+13
2 3.938980e-08 6.914909e+17
3 2.425869e-08 1.080485e+20
4 2.290939e-08 6.629884e+17
5 1.352562e-08 1.927872e+17
6 1.319682e-08 4.855191e+15
7 1.210368e-08 8.053542e+16
8 1.106320e-08 6.824684e+16
9 9.595329e-09 2.456650e+17
10 7.534804e-09 3.611069e+18
11 5.198949e-09 4.837870e+18
12 5.094478e-09 8.768843e+17
13 3.068127e-09 2.670742e+17
14 2.751399e-09 6.063185e+17
15 2.237188e-09 8.605685e+14
16 2.093381e-09 1.639442e+19
17 1.980238e-09 7.490008e+17
18 1.801184e-09 6.967162e+16
19 1.760922e-09 5.732058e+19
20 1.615495e-09 9.533507e+18
21 1.605217e-09 2.721568e+18
22 1.447886e-09 1.168773e+18
23 1.378350e-09 7.734016e+17
24 1.314264e-09 1.115980e+17
25 1.206011e-09 4.481763e+18
26 1.175420e-09 4.767600e+16
27 1.158826e-09 5.925708e+18
28 1.078173e-09 3.287485e+16
29 1.076749e-09 3.629763e+15
30 1.012271e-09 1.147196e+16
31 9.977780e-10 1.275427e+10
32 9.425186e-10 2.742429e+17
33 8.761628e-10 5.435165e+19
34 8.692557e-10 2.682929e+19
35 8.229195e-10 5.803046e+17
36 8.036924e-10 2.708966e+20
37 7.983108e-10 4.354968e+19
38 7.797636e-10 9.410978e+19
39 7.756280e-10 9.745099e+18
