0 1.877934e-07 1.245275e+25
1 1.104780e-07 2.219693e+21
2 3.938980e-08 4.861759e+20
3 2.425869e-08 1.245152e+24
4 2.290939e-08 3.290574e+22
5 1.352562e-08 4.745770e+22
6 1.319682e-08 9.284901e+22
7 1.210368e-08 6.036493e+25
8 1.106320e-08 1.415520e+23
9 9.595329e-09 3.361903e+24
10 7.534804e-09 1.963295e+23
11 5.198949e-09 2.496319e+24
12 5.094478e-09 7.220438e+23
13 3.068127e-09 1.861966e+23
14 2.751399e-09 2.234682e+23
15 2.237188e-09 5.061046e+23
16 2.093381e-09 2.122126e+26
17 1.980238e-09 8.719773e+24
18 1.801184e-09 2.065398e+22
19 1.760922e-09 4.270673e+26
20 1.615495e-09 2.687906e+26
21 1.605217e-09 3.267461e+25
22 1.447886e-09 1.620835e+25
23 1.378350e-09 1.626176e+23
24 1.314264e-09 1.430813e+25
25 1.206011e-09 5.837092e+25
26 1.175420e-09 2.287039e+24
27 1.158826e-09 1.273023e+26
28 1.078173e-09 1.085673e+24
29 1.076749e-09 3.158480e+17
30 1.012271e-09 1.278753e+24
31 9.977780e-10 5.915921e+23
32 9.425186e-10 9.772556e+23
33 8.761628e-10 1.723109e+24
34 8.692557e-10 7.312374e+22
35 8.229195e-10 1.313416e+23
36 8.036924e-10 3.123693e+25
37 7.983108e-10 1.235467e+24
38 7.797636e-10 2.568719e+23
39 7.756280e-10 6.254130e+25
