0 1.877934e-07 4.153425e+24
1 1.104780e-07 6.247259e+20
2 3.938980e-08 3.488475e+18
3 2.425869e-08 8.183422e+23
4 2.290939e-08 3.221853e+21
5 1.352562e-08 4.269542e+22
6 1.319682e-08 2.088381e+21
7 1.210368e-08 6.712963e+24
8 1.106320e-08 9.841129e+21
9 9.595329e-09 3.101494e+23
10 7.534804e-09 1.332094e+21
11 5.198949e-09 6.571175e+23
12 5.094478e-09 5.690724e+22
13 3.068127e-09 2.009534e+22
14 2.751399e-09 5.574854e+21
15 2.237188e-09 5.149018e+23
16 2.093381e-09 6.468192e+25
17 1.980238e-09 3.761740e+24
18 1.801184e-09 9.710129e+22
19 1.760922e-09 1.285851e+26
20 1.615495e-09 7.802569e+25
21 1.605217e-09 1.067657e+25
22 1.447886e-09 6.429806e+24
23 1.378350e-09 6.386707e+22
24 1.314264e-09 3.070631e+24
25 1.206011e-09 1.606812e+25
26 1.175420e-09 5.893164e+23
27 1.158826e-09 3.412031e+25
28 1.078173e-09 1.052000e+23
29 1.076749e-09 3.196620e+22
30 1.012271e-09 1.088044e+23
31 9.977780e-10 1.061593e+23
32 9.425186e-10 1.877774e+23
33 8.761628e-10 1.676402e+22
34 8.692557e-10 6.771203e+20
35 8.229195e-10 7.020419e+22
36 8.036924e-10 1.461256e+25
37 7.983108e-10 1.076872e+24
38 7.797636e-10 1.383848e+23
39 7.756280e-10 9.297026e+24
