0 1.877934e-07 1.972609e+24
1 1.104780e-07 7.822624e+20
2 3.938980e-08 3.830633e+19
3 2.425869e-08 3.870058e+23
4 2.290939e-08 9.905530e+20
5 1.352562e-08 2.472760e+22
6 1.319682e-08 1.453636e+20
7 1.210368e-08 2.525998e+24
8 1.106320e-08 3.861903e+21
9 9.595329e-09 1.063596e+23
10 7.534804e-09 4.218779e+20
11 5.198949e-09 3.209584e+23
12 5.094478e-09 1.794496e+22
13 3.068127e-09 3.666677e+21
14 2.751399e-09 7.444819e+18
15 2.237188e-09 3.133399e+23
16 2.093381e-09 3.109610e+25
17 1.980238e-09 1.967604e+24
18 1.801184e-09 6.605061e+22
19 1.760922e-09 6.067621e+25
20 1.615495e-09 3.691965e+25
21 1.605217e-09 5.144653e+24
22 1.447886e-09 3.912330e+24
23 1.378350e-09 5.616923e+22
24 1.314264e-09 1.451758e+24
25 1.206011e-09 7.740327e+24
26 1.175420e-09 2.855071e+23
27 1.158826e-09 1.626630e+25
28 1.078173e-09 4.938448e+22
29 1.076749e-09 2.078593e+22
30 1.012271e-09 4.092066e+22
31 9.977780e-10 3.704794e+22
32 9.425186e-10 3.701099e+22
33 8.761628e-10 1.213122e+22
34 8.692557e-10 4.393132e+20
35 8.229195e-10 3.096465e+22
36 8.036924e-10 6.293912e+24
37 7.983108e-10 4.183033e+23
38 7.797636e-10 3.363999e+22
39 7.756280e-10 4.451199e+24
