0 1.877934e-07 9.035596e+24
1 1.104780e-07 6.667162e+18
2 3.938980e-08 2.209725e+20
3 2.425869e-08 1.490091e+24
4 2.290939e-08 1.267603e+22
5 1.352562e-08 6.911915e+22
6 1.319682e-08 1.979252e+22
7 1.210368e-08 2.364361e+25
8 1.106320e-08 4.260163e+22
9 9.595329e-09 1.204066e+24
10 7.534804e-09 2.510921e+22
11 5.198949e-09 1.530900e+24
12 5.094478e-09 2.377287e+23
13 3.068127e-09 8.485510e+22
14 2.751399e-09 6.823410e+22
15 2.237188e-09 7.364804e+23
16 2.093381e-09 1.428444e+26
17 1.980238e-09 7.250329e+24
18 1.801184e-09 1.017733e+23
19 1.760922e-09 2.877856e+26
20 1.615495e-09 1.761657e+26
21 1.605217e-09 2.317098e+25
22 1.447886e-09 1.148646e+25
23 1.378350e-09 8.343995e+22
24 1.314264e-09 7.692537e+24
25 1.206011e-09 3.677137e+25
26 1.175420e-09 1.395244e+24
27 1.158826e-09 7.836233e+25
28 1.078173e-09 3.374830e+23
29 1.076749e-09 3.022992e+22
30 1.012271e-09 4.635989e+23
31 9.977780e-10 3.253733e+23
32 9.425186e-10 6.590759e+23
33 8.761628e-10 5.047999e+22
34 8.692557e-10 5.602859e+19
35 8.229195e-10 1.320075e+23
36 8.036924e-10 3.008996e+25
37 7.983108e-10 1.996076e+24
38 7.797636e-10 1.003857e+23
39 7.756280e-10 2.683660e+25
