0 1.877934e-07 3.204797e+24
1 1.104780e-07 7.300340e+20
2 3.938980e-08 1.655834e+18
3 2.425869e-08 6.374990e+23
4 2.290939e-08 2.123587e+21
5 1.352562e-08 3.531351e+22
6 1.319682e-08 9.496029e+20
7 1.210368e-08 4.705773e+24
8 1.106320e-08 6.830716e+21
9 9.595329e-09 2.108240e+23
10 7.534804e-09 6.925138e+20
11 5.198949e-09 5.083505e+23
12 5.094478e-09 3.769290e+22
13 3.068127e-09 1.182524e+22
14 2.751399e-09 1.824927e+21
15 2.237188e-09 4.363725e+23
16 2.093381e-09 5.003794e+25
17 1.980238e-09 3.002401e+24
18 1.801184e-09 8.622564e+22
19 1.760922e-09 9.889894e+25
20 1.615495e-09 6.002505e+25
21 1.605217e-09 8.272845e+24
22 1.447886e-09 5.384331e+24
23 1.378350e-09 6.090257e+22
24 1.314264e-09 2.345085e+24
25 1.206011e-09 1.240764e+25
26 1.175420e-09 4.539978e+23
27 1.158826e-09 2.628240e+25
28 1.078173e-09 7.913195e+22
29 1.076749e-09 2.796353e+22
30 1.012271e-09 7.462316e+22
31 9.977780e-10 7.402284e+22
32 9.425186e-10 1.140481e+23
33 8.761628e-10 1.871682e+22
34 8.692557e-10 1.329582e+20
35 8.229195e-10 5.369178e+22
36 8.036924e-10 1.103023e+25
37 7.983108e-10 7.980875e+23
38 7.797636e-10 9.655743e+22
39 7.756280e-10 7.051036e+24
