0 1.877934e-07 5.416711e+24
1 1.104780e-07 4.446897e+20
2 3.938980e-08 3.180829e+19
3 2.425869e-08 1.038595e+24
4 2.290939e-08 5.002244e+21
5 1.352562e-08 5.157677e+22
6 1.319682e-08 4.437502e+21
7 1.210368e-08 9.891633e+24
8 1.106320e-08 1.506457e+22
9 9.595329e-09 4.714486e+23
10 7.534804e-09 3.204701e+21
11 5.198949e-09 8.632923e+23
12 5.094478e-09 8.863380e+22
13 3.068127e-09 3.334735e+22
14 2.751399e-09 1.414219e+22
15 2.237188e-09 6.014505e+23
16 2.093381e-09 8.435085e+25
17 1.980238e-09 4.731730e+24
18 1.801184e-09 1.064114e+23
19 1.760922e-09 1.685753e+26
20 1.615495e-09 1.023824e+26
21 1.605217e-09 1.388110e+25
22 1.447886e-09 7.761164e+24
23 1.378350e-09 6.765867e+22
24 1.314264e-09 4.101852e+24
25 1.206011e-09 2.107459e+25
26 1.175420e-09 7.779009e+23
27 1.158826e-09 4.482016e+25
28 1.078173e-09 1.461067e+23
29 1.076749e-09 3.524177e+22
30 1.012271e-09 1.677929e+23
31 9.977780e-10 1.537922e+23
32 9.425186e-10 2.986129e+23
33 8.761628e-10 7.941288e+21
34 8.692557e-10 1.166033e+21
35 8.229195e-10 9.031927e+22
36 8.036924e-10 1.918217e+25
37 7.983108e-10 1.410780e+24
38 7.797636e-10 1.723874e+23
39 7.756280e-10 1.272016e+25
