0 1.877934e-07 1.162499e+25
1 1.104780e-07 8.001380e+21
2 3.938980e-08 7.449421e+20
3 2.425869e-08 5.392198e+23
4 2.290939e-08 5.333917e+22
5 1.352562e-08 9.854970e+21
6 1.319682e-08 1.884764e+23
7 1.210368e-08 8.989563e+25
8 1.106320e-08 2.486447e+23
9 9.595329e-09 5.407352e+24
10 7.534804e-09 4.811338e+23
11 5.198949e-09 2.603744e+24
12 5.094478e-09 1.190086e+24
13 3.068127e-09 2.709640e+23
14 2.751399e-09 3.363395e+23
15 2.237188e-09 1.724907e+23
16 2.093381e-09 2.211871e+26
17 1.980238e-09 7.243544e+24
18 1.801184e-09 5.732638e+21
19 1.760922e-09 4.423933e+26
20 1.615495e-09 2.869415e+26
21 1.605217e-09 3.202587e+25
22 1.447886e-09 1.838168e+25
23 1.378350e-09 3.572445e+23
24 1.314264e-09 1.772867e+25
25 1.206011e-09 6.313382e+25
26 1.175420e-09 2.226282e+24
27 1.158826e-09 1.463660e+26
28 1.078173e-09 2.128837e+24
29 1.076749e-09 5.422443e+22
30 1.012271e-09 1.514421e+24
31 9.977780e-10 5.726823e+23
32 9.425186e-10 8.279429e+23
33 8.761628e-10 5.603436e+24
34 8.692557e-10 3.194264e+23
35 8.229195e-10 1.117301e+23
36 8.036924e-10 1.970746e+25
37 7.983108e-10 1.830631e+23
38 7.797636e-10 2.111141e+24
39 7.756280e-10 8.988647e+25
