0 1.877934e-07 0.000000e+00
1 1.104780e-07 0.000000e+00
2 3.938980e-08 0.000000e+00
3 2.425869e-08 0.000000e+00
4 2.290939e-08 0.000000e+00
5 1.352562e-08 0.000000e+00
6 1.319682e-08 0.000000e+00
7 1.210368e-08 0.000000e+00
8 1.106320e-08 0.000000e+00
9 9.595329e-09 0.000000e+00
10 7.534804e-09 0.000000e+00
11 5.198949e-09 0.000000e+00
12 5.094478e-09 0.000000e+00
13 3.068127e-09 0.000000e+00
14 2.751399e-09 0.000000e+00
15 2.237188e-09 0.000000e+00
16 2.093381e-09 0.000000e+00
17 1.980238e-09 0.000000e+00
18 1.801184e-09 0.000000e+00
19 1.760922e-09 0.000000e+00
20 1.615495e-09 0.000000e+00
21 1.605217e-09 0.000000e+00
22 1.447886e-09 0.000000e+00
23 1.378350e-09 0.000000e+00
24 1.314264e-09 0.000000e+00
25 1.206011e-09 0.000000e+00
26 1.175420e-09 0.000000e+00
27 1.158826e-09 0.000000e+00
28 1.078173e-09 0.000000e+00
29 1.076749e-09 0.000000e+00
30 1.012271e-09 0.000000e+00
31 9.977780e-10 0.000000e+00
32 9.425186e-10 0.000000e+00
33 8.761628e-10 0.000000e+00
34 8.692557e-10 0.000000e+00
35 8.229195e-10 0.000000e+00
36 8.036924e-10 0.000000e+00
37 7.983108e-10 0.000000e+00
38 7.797636e-10 0.000000e+00
39 7.756280e-10 0.000000e+00
