0 1.877934e-07 1.577850e+24
1 1.104780e-07 7.635436e+20
2 3.938980e-08 6.639088e+19
3 2.425869e-08 3.042063e+23
4 2.290939e-08 7.002780e+20
5 1.352562e-08 2.102292e+22
6 1.319682e-08 3.705181e+19
7 1.210368e-08 1.923900e+24
8 1.106320e-08 3.098707e+21
9 9.595329e-09 7.847753e+22
10 7.534804e-09 4.378593e+20
11 5.198949e-09 2.617847e+23
12 5.094478e-09 1.282924e+22
13 3.068127e-09 1.852963e+21
14 2.751399e-09 9.379196e+19
15 2.237188e-09 2.674020e+23
16 2.093381e-09 2.502609e+25
17 1.980238e-09 1.620975e+24
18 1.801184e-09 5.771839e+22
19 1.760922e-09 4.849120e+25
20 1.615495e-09 2.956462e+25
21 1.605217e-09 4.138289e+24
22 1.447886e-09 3.392747e+24
23 1.378350e-09 5.408296e+22
24 1.314264e-09 1.174378e+24
25 1.206011e-09 6.255769e+24
26 1.175420e-09 2.332498e+23
27 1.158826e-09 1.307557e+25
28 1.078173e-09 4.048254e+22
29 1.076749e-09 1.799819e+22
30 1.012271e-09 3.235533e+22
31 9.977780e-10 2.657472e+22
32 9.425186e-10 1.907224e+22
33 8.761628e-10 8.127012e+21
34 8.692557e-10 1.269967e+21
35 8.229195e-10 2.358868e+22
36 8.036924e-10 4.792509e+24
37 7.983108e-10 2.988962e+23
38 7.797636e-10 1.615551e+22
39 7.756280e-10 3.672569e+24
