0 1.877934e-07 1.109703e+25
1 1.104780e-07 2.717204e+20
2 3.938980e-08 3.706747e+20
3 2.425869e-08 1.540535e+24
4 2.290939e-08 2.041718e+22
5 1.352562e-08 6.837528e+22
6 1.319682e-08 4.263139e+22
7 1.210368e-08 3.787103e+25
8 1.106320e-08 7.719811e+22
9 9.595329e-09 2.005506e+24
10 7.534804e-09 7.180114e+22
11 5.198949e-09 2.010572e+24
12 5.094478e-09 4.097778e+23
13 3.068127e-09 1.282108e+23
14 2.751399e-09 1.319841e+23
15 2.237188e-09 7.019479e+23
16 2.093381e-09 1.797208e+26
17 1.980238e-09 8.417629e+24
18 1.801184e-09 7.178254e+22
19 1.760922e-09 3.625754e+26
20 1.615495e-09 2.241482e+26
21 1.605217e-09 2.865643e+25
22 1.447886e-09 1.382911e+25
23 1.378350e-09 1.053903e+23
24 1.314264e-09 1.061784e+25
25 1.206011e-09 4.759278e+25
26 1.175420e-09 1.843838e+24
27 1.158826e-09 1.018961e+26
28 1.078173e-09 5.769542e+23
29 1.076749e-09 1.510042e+22
30 1.012271e-09 7.966772e+23
31 9.977780e-10 4.597083e+23
32 9.425186e-10 8.694511e+23
33 8.761628e-10 3.890080e+23
34 8.692557e-10 9.063093e+21
35 8.229195e-10 1.410703e+23
36 8.036924e-10 3.355126e+25
37 7.983108e-10 1.904976e+24
38 7.797636e-10 2.206802e+21
39 7.756280e-10 4.095260e+25
