0 1.877934e-07 2.498761e+24
1 1.104780e-07 7.761328e+20
2 3.938980e-08 1.545116e+19
3 2.425869e-08 4.957677e+23
4 2.290939e-08 1.433194e+21
5 1.352562e-08 2.940359e+22
6 1.319682e-08 4.008386e+20
7 1.210368e-08 3.400308e+24
8 1.106320e-08 5.013807e+21
9 9.595329e-09 1.477121e+23
10 7.534804e-09 4.773036e+20
11 5.198949e-09 4.003367e+23
12 5.094478e-09 2.567788e+22
13 3.068127e-09 6.739477e+21
14 2.751399e-09 3.843101e+20
15 2.237188e-09 3.692028e+23
16 2.093381e-09 3.917991e+25
17 1.980238e-09 2.417183e+24
18 1.801184e-09 7.562006e+22
19 1.760922e-09 7.695806e+25
20 1.615495e-09 4.675386e+25
21 1.605217e-09 6.482086e+24
22 1.447886e-09 4.562591e+24
23 1.378350e-09 5.841143e+22
24 1.314264e-09 1.827369e+24
25 1.206011e-09 9.724435e+24
26 1.175420e-09 3.564763e+23
27 1.158826e-09 2.052739e+25
28 1.078173e-09 6.163282e+22
29 1.076749e-09 2.413031e+22
30 1.012271e-09 5.395857e+22
31 9.977780e-10 5.211176e+22
32 9.425186e-10 6.664304e+22
33 8.761628e-10 1.621178e+22
34 8.692557e-10 2.394728e+19
35 8.229195e-10 4.078253e+22
36 8.036924e-10 8.317136e+24
37 7.983108e-10 5.810071e+23
38 7.797636e-10 6.032013e+22
39 7.756280e-10 5.524490e+24
