0 1.877934e-07 7.052584e+24
1 1.104780e-07 2.013859e+20
2 3.938980e-08 1.011008e+20
3 2.425869e-08 1.281240e+24
4 2.290939e-08 7.913126e+21
5 1.352562e-08 6.125431e+22
6 1.319682e-08 9.338273e+21
7 1.210368e-08 1.506390e+25
8 1.106320e-08 2.458315e+22
9 9.595329e-09 7.413397e+23
10 7.534804e-09 8.750903e+21
11 5.198949e-09 1.147812e+24
12 5.094478e-09 1.426604e+23
13 3.068127e-09 5.401062e+22
14 2.751399e-09 3.231084e+22
15 2.237188e-09 6.845532e+23
16 2.093381e-09 1.102684e+26
17 1.980238e-09 5.921556e+24
18 1.801184e-09 1.102580e+23
19 1.760922e-09 2.213887e+26
20 1.615495e-09 1.348055e+26
21 1.605217e-09 1.805169e+25
22 1.447886e-09 9.437864e+24
23 1.378350e-09 7.330445e+22
24 1.314264e-09 5.581100e+24
25 1.206011e-09 2.786003e+25
26 1.175420e-09 1.039687e+24
27 1.158826e-09 5.930134e+25
28 1.078173e-09 2.145288e+23
29 1.076749e-09 3.582673e+22
30 1.012271e-09 2.730167e+23
31 9.977780e-10 2.241055e+23
32 9.425186e-10 4.561074e+23
33 8.761628e-10 1.628617e+20
34 8.692557e-10 7.687286e+20
35 8.229195e-10 1.124001e+23
36 8.036924e-10 2.460563e+25
37 7.983108e-10 1.756488e+24
38 7.797636e-10 1.705852e+23
39 7.756280e-10 1.811576e+25
